Repeat ´12345´ string increasing length,DirectComp,DirectLookup,DirectCompLookup<10>,DirectCompLookup<20>,DirectCompLookup<100>,DirectCompLookup<sqrt n>,DirectCompLookup<2sqrt n>,Fingerprint_2<sqrt n>wc,Fingerprint_2<20>wc,Fingerprint_2<100>wc,Fingerprint_2<1/2sqrt n>wc,Fingerprint_2<2sqrt n>wc,Fingerprint_2<ln n>wc,Fingerprint_2<sqrt n>ac,Fingerprint_2<sqrt n>wc_{cache-horizontal-shift},Fingerprint_2<sqrt n>wc_{cache-horizontal-mult},Fingerprint_3<n^{2/3};n^{1/3}>wc,Fingerprint_3<n^{2/3};n^{1/3}>ac<n^{1/3};n^{2/3}>,Fingerprint_3<n^{2/3};n^{1/3}>ac<1;1>,Fingerprint_3<n^{2/3};n^{1/3}>ac,Fingerprint_{log n}wc,Fingerprint_{log n}ac,Fingerprint_{log n}ac_{cache-vertical-mult},RMQ<1;n>,RMQ<n;1>,DirectComp<1>RMQ<n;1>,RMQ<1;n>_{virtual},RMQ<n;1>_{virtual},RMQ<n;2log n>_{virtual},RMQ<n;4log n>_{virtual},RMQ<n;(2)log n>_{virtual},RMQ<n;(4)log n>_{virtual},
2,1.10005e-008,1.33705e-008,1.35942e-008,1.4271e-008,1.42422e-008,1.42327e-008,1.42469e-008,1.22187e-008,1.18868e-008,1.17502e-008,1.1813e-008,1.18611e-008,1.17708e-008,1.157e-008,1.38193e-008,1.48772e-008,1.44092e-008,1.26346e-008,1.25851e-008,1.25568e-008,1.39427e-008,1.28766e-008,1.27443e-008,1.49621e-008,2.0359e-008,1.60118e-008,1.77166e-008,2.3734e-008,2.03205e-008,2.04533e-008,2.05088e-008,2.03268e-008,
4,9.60353e-009,1.45894e-008,1.45102e-008,1.44787e-008,1.4449e-008,1.43784e-008,1.45243e-008,1.15573e-008,1.19982e-008,1.14792e-008,1.16155e-008,1.15361e-008,1.19843e-008,1.07014e-008,1.44127e-008,1.61074e-008,1.43796e-008,1.22048e-008,1.21909e-008,1.1014e-008,1.56247e-008,1.13819e-008,1.12468e-008,2.18105e-008,3.02972e-008,1.28827e-008,2.6851e-008,3.57045e-008,3.26632e-008,3.27415e-008,3.36866e-008,3.40839e-008,
8,1.03601e-008,1.39597e-008,1.56811e-008,1.50103e-008,1.5688e-008,1.54984e-008,1.58262e-008,1.23155e-008,1.25272e-008,1.21796e-008,1.21511e-008,1.20282e-008,1.22782e-008,1.27634e-008,1.49318e-008,1.80927e-008,1.51718e-008,1.46572e-008,1.42443e-008,1.19188e-008,1.88687e-008,1.26942e-008,1.28344e-008,2.88177e-008,4.43797e-008,1.42223e-008,3.43836e-008,5.02132e-008,4.91223e-008,4.59043e-008,5.0902e-008,5.28681e-008,
16,1.17047e-008,1.28608e-008,1.82598e-008,1.78397e-008,1.7853e-008,1.68206e-008,1.78917e-008,1.331e-008,1.36502e-008,1.41165e-008,1.41197e-008,1.43153e-008,1.41622e-008,1.4513e-008,1.756e-008,2.06162e-008,1.68151e-008,1.66964e-008,1.66287e-008,1.43242e-008,2.25025e-008,1.51674e-008,1.61743e-008,3.86011e-008,5.41079e-008,1.49297e-008,4.75645e-008,6.10067e-008,6.76066e-008,5.58361e-008,6.71259e-008,5.77567e-008,
32,1.32175e-008,1.35897e-008,1.9245e-008,2.03771e-008,2.03533e-008,1.74577e-008,1.92668e-008,1.56931e-008,1.57617e-008,1.49188e-008,1.66512e-008,1.53202e-008,1.60671e-008,1.60286e-008,1.78923e-008,2.16757e-008,1.80353e-008,1.97045e-008,1.93453e-008,1.69721e-008,2.55996e-008,1.80508e-008,1.86665e-008,4.59855e-008,5.93538e-008,1.57504e-008,6.28773e-008,6.68577e-008,7.84619e-008,7.22678e-008,7.70736e-008,7.1999e-008,
64,1.61937e-008,1.25734e-008,1.96228e-008,2.2361e-008,2.49083e-008,1.86121e-008,2.03244e-008,1.72378e-008,1.62545e-008,1.75813e-008,1.7905e-008,1.68749e-008,1.68938e-008,1.78891e-008,1.9578e-008,2.31809e-008,2.02952e-008,2.32627e-008,2.17004e-008,1.91221e-008,2.91992e-008,1.96493e-008,2.21714e-008,5.61322e-008,5.7855e-008,1.78095e-008,8.76254e-008,6.54482e-008,8.24004e-008,7.26143e-008,7.79918e-008,7.1378e-008,
128,1.97283e-008,1.36814e-008,1.99321e-008,2.30218e-008,3.27644e-008,2.02558e-008,2.30591e-008,1.83649e-008,1.83029e-008,2.07489e-008,1.84855e-008,1.86411e-008,2.04262e-008,1.9629e-008,2.11778e-008,2.62709e-008,2.20853e-008,2.57325e-008,2.26642e-008,1.9475e-008,3.20702e-008,2.28741e-008,2.47802e-008,7.13058e-008,5.93865e-008,1.80483e-008,1.33253e-007,6.88809e-008,8.78114e-008,7.54014e-008,8.13788e-008,7.13113e-008,
256,2.61917e-008,1.52426e-008,2.0779e-008,2.29974e-008,3.64961e-008,2.03992e-008,2.33458e-008,2.0123e-008,1.92196e-008,2.14587e-008,2.2059e-008,1.95846e-008,2.33185e-008,2.12584e-008,2.33166e-008,2.67103e-008,2.3745e-008,2.97518e-008,2.39442e-008,2.25338e-008,3.83017e-008,2.33593e-008,2.53549e-008,1.11967e-007,5.90348e-008,1.90763e-008,2.24717e-007,6.90185e-008,8.80244e-008,7.57887e-008,7.95037e-008,7.29514e-008,
512,3.97646e-008,1.53709e-008,2.09874e-008,2.27377e-008,3.68816e-008,2.21409e-008,2.84806e-008,2.1907e-008,2.1743e-008,2.35093e-008,2.27567e-008,2.05952e-008,2.7387e-008,2.31919e-008,2.3952e-008,2.72479e-008,2.39552e-008,3.1985e-008,2.59163e-008,2.25057e-008,4.31304e-008,2.56385e-008,2.80214e-008,1.83361e-007,5.96437e-008,1.96332e-008,3.97685e-007,6.61628e-008,8.79761e-008,8.22756e-008,8.60227e-008,7.66629e-008,
1024,7.05447e-008,3.84776e-008,1.98044e-008,2.23702e-008,4.06985e-008,2.34824e-008,2.93739e-008,2.35808e-008,2.59279e-008,2.55532e-008,2.73725e-008,2.38829e-008,4.17533e-008,2.4921e-008,2.58119e-008,2.99158e-008,2.63985e-008,3.88705e-008,2.73613e-008,2.45121e-008,5.53077e-008,3.14682e-008,3.71808e-008,3.19876e-007,5.93053e-008,1.83831e-008,7.43394e-007,6.62753e-008,8.8562e-008,7.91239e-008,8.68791e-008,8.03478e-008,
2048,1.27673e-007,6.44226e-008,2.01707e-008,2.24407e-008,4.03331e-008,2.92554e-008,4.06485e-008,2.7004e-008,3.28946e-008,2.67411e-008,3.24363e-008,2.75945e-008,6.33698e-008,2.6766e-008,2.68458e-008,3.15674e-008,2.86644e-008,4.41201e-008,2.97961e-008,2.72298e-008,7.41704e-008,4.04666e-008,4.30449e-008,6.08134e-007,6.47693e-008,1.97061e-008,1.43234e-006,7.13085e-008,9.34071e-008,8.63631e-008,8.85522e-008,8.50459e-008,
4096,2.34623e-007,6.99211e-008,3.01217e-008,2.53397e-008,3.9115e-008,2.96002e-008,4.08266e-008,3.14193e-008,4.78712e-008,3.09659e-008,3.74374e-008,3.16065e-008,9.8143e-008,3.25289e-008,3.149e-008,3.36653e-008,3.20118e-008,5.13173e-008,3.26995e-008,2.97782e-008,8.52299e-008,4.65336e-008,4.48349e-008,1.16036e-006,7.11616e-008,2.21163e-008,2.83308e-006,7.9211e-008,1.01305e-007,8.54611e-008,1.00443e-007,8.96014e-008,
8192,4.61411e-007,7.50841e-008,3.83105e-008,3.95506e-008,4.38669e-008,4.5584e-008,6.54832e-008,4.10845e-008,8.38339e-008,3.98687e-008,4.92278e-008,4.02935e-008,1.67573e-007,4.09547e-008,3.79555e-008,3.91289e-008,4.19452e-008,6.66868e-008,4.07679e-008,3.65901e-008,1.00975e-007,5.13785e-008,5.13769e-008,2.28525e-006,7.4142e-008,2.42492e-008,5.67674e-006,8.32542e-008,1.04042e-007,9.88561e-008,1.10051e-007,9.766e-008,
16384,9.13583e-007,,3.93389e-008,4.10528e-008,5.34381e-008,5.31083e-008,7.16141e-008,6.49138e-008,1.99812e-007,6.29332e-008,8.9646e-008,5.9319e-008,3.42507e-007,6.68094e-008,4.45244e-008,4.76379e-008,4.53889e-008,8.46846e-008,4.38606e-008,4.17184e-008,1.05373e-007,5.283e-008,5.29418e-008,4.52923e-006,7.87714e-008,2.55027e-008,1.12011e-005,8.59684e-008,1.0423e-007,9.76262e-008,1.10706e-007,1.02055e-007,
32768,1.81673e-006,,4.16654e-008,4.4484e-008,6.12305e-008,8.52654e-008,1.39756e-007,8.44286e-008,4.70649e-007,1.21673e-007,1.29154e-007,7.63913e-008,6.87159e-007,8.60095e-008,5.54575e-008,5.5287e-008,5.38133e-008,1.04436e-007,5.07213e-008,4.9873e-008,1.81673e-007,7.41962e-008,6.86802e-008,8.95388e-006,8.06567e-008,2.63298e-008,,8.58803e-008,1.11358e-007,9.89872e-008,1.09405e-007,1.00288e-007,
65536,7.32081e-006,,,4.49492e-008,6.28382e-008,8.67665e-008,1.39915e-007,2.1113e-007,1.89632e-006,4.22797e-007,3.52449e-007,1.45297e-007,2.65602e-006,2.00225e-007,8.10551e-008,8.16186e-008,7.40273e-008,1.48353e-007,7.47886e-008,7.02361e-008,4.29044e-007,1.87492e-007,2.05167e-007,1.75822e-005,8.45072e-008,2.80883e-008,,8.66162e-008,1.14379e-007,9.90979e-008,1.1027e-007,1.01544e-007,
131072,1.82986e-005,,,,,,,3.31558e-007,4.64158e-006,1.00805e-006,5.89865e-007,2.14968e-007,6.58979e-006,3.21031e-007,1.11491e-007,1.15276e-007,9.71702e-008,1.83586e-007,9.40826e-008,9.34316e-008,5.01787e-007,2.16365e-007,2.64563e-007,,8.36256e-008,2.7428e-008,,8.42048e-008,1.13442e-007,1.03401e-007,1.12927e-007,9.98761e-008,
262144,,,,,,,,5.12553e-007,1.02808e-005,2.18563e-006,9.29127e-007,3.32859e-007,1.40246e-005,5.01959e-007,1.5941e-007,1.5859e-007,1.40369e-007,2.54923e-007,1.3658e-007,1.34907e-007,5.95559e-007,2.48497e-007,3.0157e-007,,8.00435e-008,2.66685e-008,,8.47715e-008,1.18223e-007,1.05856e-007,1.19742e-007,1.02611e-007,
524288,,,,,,,,8.67531e-007,,4.67559e-006,1.44496e-006,6.45727e-007,,8.58813e-007,2.54258e-007,2.217e-007,3.87594e-007,5.41008e-007,3.91599e-007,3.88675e-007,6.37565e-007,2.80792e-007,3.30911e-007,,8.46031e-008,2.84309e-008,,9.12168e-008,1.14564e-007,1.03419e-007,1.22148e-007,1.03903e-007,
1048576,,,,,,,,6.86652e-006,,2.71572e-005,1.14309e-005,2.1625e-006,,6.86673e-006,4.00403e-007,3.53729e-007,5.49551e-007,7.62134e-007,5.55264e-007,5.49577e-007,6.64066e-007,2.97715e-007,3.60909e-007,,8.51813e-008,2.86752e-008,,9.9541e-008,1.22463e-007,1.1376e-007,1.21546e-007,1.11865e-007,
2097152,,,,,,,,7.24403e-006,,,,3.68292e-006,,7.27097e-006,5.27051e-007,5.66936e-007,8.7383e-007,1.12012e-006,8.82158e-007,8.75758e-007,7.08619e-007,3.03738e-007,3.82355e-007,,8.29724e-008,2.88854e-008,,9.93822e-008,1.27604e-007,1.11409e-007,1.23413e-007,1.07127e-007,
4194304,,,,,,,,1.44462e-005,,,,6.48186e-006,,1.43624e-005,8.48955e-007,8.38432e-007,1.19737e-006,1.4775e-006,1.20288e-006,1.18403e-006,7.55945e-007,3.26221e-007,4.02141e-007,,8.81344e-008,2.9448e-008,,1.00906e-007,1.21574e-007,1.15576e-007,1.25913e-007,1.17301e-007,
8388608,,,,,,,,,,,,9.09559e-006,,,1.08807e-006,1.23706e-006,1.57088e-006,1.94137e-006,1.57553e-006,1.56664e-006,7.89156e-007,3.44389e-007,,,8.84639e-008,2.97467e-008,,9.30466e-008,1.31071e-007,1.08329e-007,1.2218e-007,1.08656e-007,
