Repeat-pow string increasing length,DirectComp,DirectLookup,DirectCompLookup<log n>,DirectCompLookup<sqrt n>,DirectCompLookup<n/log n>,Fingerprint_2<sqrt n>wc,Fingerprint_2<1/4sqrt n>ac,Fingerprint_2<1/2sqrt n>ac,Fingerprint_2<sqrt n>ac,Fingerprint_2<2sqrt n>ac,Fingerprint_2<4sqrt n>ac,Fingerprint_2<8sqrt n>ac,Fingerprint_2<16sqrt n>ac,Fingerprint_2<sqrt n>ac_{cache-horizontal-shift},Fingerprint_2<sqrt n>ac_{cache-horizontal-mult},Fingerprint_3<n^{2/3};n^{1/3}>wc,Fingerprint_3<n^{2/3};n^{1/3}>ac<n^{1/3};n^{2/3}>,Fingerprint_3<n^{2/3};n^{1/3}>ac<1;1>,Fingerprint_3<n^{2/3};n^{1/3}>ac,Fingerprint_{log n}wc,Fingerprint_{log n}ac,Fingerprint_{log n}ac_{cache-vertical-mult},RMQ<1;n>,RMQ<n;1>,DirectComp<1>RMQ<n;1>,RMQ<1;n>_{virtual},RMQ<n;1>_{virtual},RMQ<n;2log n>_{virtual},RMQ<n;4log n>_{virtual},
2,1.07771e-008,1.18308e-008,1.41121e-008,1.40116e-008,1.39008e-008,1.36567e-008,1.44877e-008,1.45271e-008,1.453e-008,1.35297e-008,1.31941e-008,1.3638e-008,1.3384e-008,1.68607e-008,1.59952e-008,1.5115e-008,1.89627e-008,1.87019e-008,1.36997e-008,1.35699e-008,1.46125e-008,1.51236e-008,1.48001e-008,1.98034e-008,2.04039e-008,1.67703e-008,2.28896e-008,1.92812e-008,1.92209e-008,
4,1.59198e-008,1.28199e-008,1.9577e-008,1.92727e-008,1.92138e-008,1.85432e-008,2.02094e-008,2.00083e-008,1.99628e-008,1.92262e-008,1.94274e-008,1.9162e-008,1.90968e-008,2.5032e-008,2.7753e-008,2.37323e-008,2.82706e-008,2.95547e-008,2.26866e-008,2.23568e-008,2.10703e-008,2.27625e-008,2.09167e-008,3.05421e-008,3.12254e-008,2.80493e-008,3.7075e-008,3.51195e-008,3.59988e-008,
8,1.90211e-008,1.24123e-008,2.39065e-008,2.27518e-008,2.23668e-008,2.09775e-008,2.3746e-008,2.38414e-008,2.24639e-008,2.16746e-008,2.215e-008,2.21886e-008,2.21845e-008,2.23537e-008,2.4689e-008,2.22926e-008,2.55584e-008,2.48988e-008,2.19749e-008,2.3933e-008,2.25036e-008,2.37196e-008,3.13499e-008,4.58711e-008,2.4943e-008,3.69425e-008,5.37012e-008,5.15996e-008,4.82158e-008,
16,2.18475e-008,1.14871e-008,2.46501e-008,2.41024e-008,2.38979e-008,2.31904e-008,2.72555e-008,2.62148e-008,2.5116e-008,2.42777e-008,2.42706e-008,2.46267e-008,2.51332e-008,2.51656e-008,2.92382e-008,2.48637e-008,2.92414e-008,2.85541e-008,2.54571e-008,2.89806e-008,2.68952e-008,2.89236e-008,3.80788e-008,5.28669e-008,3.12056e-008,4.86705e-008,6.1152e-008,6.61347e-008,5.38138e-008,
32,1.78569e-008,1.09017e-008,2.18576e-008,2.22919e-008,2.2406e-008,2.0421e-008,2.50739e-008,2.27311e-008,2.27609e-008,2.13152e-008,2.12023e-008,2.15406e-008,2.18172e-008,2.1209e-008,2.37367e-008,2.25582e-008,2.56714e-008,2.59712e-008,2.28029e-008,2.80804e-008,2.40124e-008,2.65454e-008,4.34768e-008,5.68938e-008,2.40021e-008,6.38635e-008,6.49393e-008,7.60887e-008,7.04408e-008,
64,1.81253e-008,1.12127e-008,2.06185e-008,2.04736e-008,2.20919e-008,2.00583e-008,2.33986e-008,2.1185e-008,2.07542e-008,2.06928e-008,2.05914e-008,2.18072e-008,2.24481e-008,1.99221e-008,2.15801e-008,2.19869e-008,2.50226e-008,2.30554e-008,2.07214e-008,2.96763e-008,2.37142e-008,2.53156e-008,5.62065e-008,5.74909e-008,2.06845e-008,8.66577e-008,6.66217e-008,7.93575e-008,7.13478e-008,
128,1.66279e-008,1.14174e-008,1.7924e-008,1.8249e-008,2.02441e-008,1.60225e-008,2.01809e-008,1.802e-008,1.66836e-008,1.69008e-008,1.82378e-008,1.89911e-008,2.01581e-008,1.57586e-008,1.67492e-008,1.95795e-008,2.38233e-008,1.97084e-008,1.75128e-008,3.30006e-008,1.95108e-008,2.08595e-008,7.2708e-008,5.73865e-008,1.62456e-008,1.2989e-007,6.70169e-008,8.55355e-008,7.17333e-008,
256,1.98915e-008,1.17445e-008,1.67162e-008,1.80348e-008,2.00581e-008,1.66013e-008,1.90627e-008,1.67887e-008,1.68108e-008,1.66544e-008,1.84769e-008,2.07651e-008,2.3962e-008,1.60421e-008,1.70442e-008,1.99036e-008,2.31418e-008,1.93128e-008,1.70926e-008,3.53846e-008,1.94171e-008,2.14716e-008,1.08392e-007,5.77073e-008,1.54168e-008,2.16829e-007,6.70184e-008,8.60447e-008,7.18654e-008,
512,2.32002e-008,1.20015e-008,1.61203e-008,1.72775e-008,1.98181e-008,1.45657e-008,1.85625e-008,1.61565e-008,1.48059e-008,1.50253e-008,1.63678e-008,1.8798e-008,2.3167e-008,1.35739e-008,1.4258e-008,1.81733e-008,2.07311e-008,1.71255e-008,1.50676e-008,3.50907e-008,1.71646e-008,1.80051e-008,1.78222e-007,5.65033e-008,1.28286e-008,3.90283e-007,6.59492e-008,9.02962e-008,7.78757e-008,
1024,2.92396e-008,3.60171e-008,1.54417e-008,1.62912e-008,2.27754e-008,1.43592e-008,1.80897e-008,1.4953e-008,1.38996e-008,1.43492e-008,1.60644e-008,1.88489e-008,2.41737e-008,1.26948e-008,1.33898e-008,1.6963e-008,2.00898e-008,1.6099e-008,1.40093e-008,4.42644e-008,1.65708e-008,1.89363e-008,3.17562e-007,5.68782e-008,1.19491e-008,7.5119e-007,7.01172e-008,9.2279e-008,8.08446e-008,
2048,3.75861e-008,6.26994e-008,1.58372e-008,1.69371e-008,2.64392e-008,1.3746e-008,1.76001e-008,1.45261e-008,1.33866e-008,1.34586e-008,1.51303e-008,1.84198e-008,2.47631e-008,1.22139e-008,1.21732e-008,1.63883e-008,1.853e-008,1.47471e-008,1.28212e-008,5.68565e-008,1.67901e-008,1.83466e-008,5.9283e-007,6.21497e-008,1.07102e-008,1.426e-006,7.19061e-008,9.09719e-008,8.29636e-008,
4096,5.42741e-008,6.78528e-008,1.62711e-008,1.62984e-008,3.35499e-008,1.38925e-008,1.82219e-008,1.41158e-008,1.33789e-008,1.31087e-008,1.49499e-008,1.85177e-008,2.56035e-008,1.17044e-008,1.18091e-008,1.69763e-008,1.80399e-008,1.43441e-008,1.24209e-008,6.69727e-008,1.66009e-008,1.74787e-008,1.15052e-006,6.93122e-008,1.00505e-008,2.81742e-006,7.76093e-008,9.67393e-008,8.58951e-008,
8192,7.72725e-008,7.45305e-008,1.64098e-008,1.79991e-008,4.68858e-008,1.5962e-008,2.07833e-008,1.59453e-008,1.42867e-008,1.33612e-008,1.48652e-008,1.92414e-008,2.66007e-008,1.15281e-008,1.15228e-008,1.86925e-008,1.84665e-008,1.40405e-008,1.20543e-008,8.27692e-008,1.60959e-008,1.74946e-008,2.29424e-006,7.8666e-008,9.98695e-009,5.66583e-006,8.48787e-008,1.0527e-007,9.57537e-008,
16384,1.10352e-007,,1.68202e-008,1.7398e-008,6.45638e-008,1.88953e-008,2.70519e-008,1.95185e-008,1.64618e-008,1.54324e-008,1.66298e-008,2.05231e-008,2.9415e-008,1.18956e-008,1.2211e-008,2.11218e-008,2.01294e-008,1.4647e-008,1.27135e-008,9.22203e-008,1.56176e-008,1.69099e-008,4.56579e-006,7.82306e-008,9.30642e-009,1.1251e-005,8.68816e-008,1.0577e-007,9.53887e-008,
32768,1.65132e-007,,1.63327e-008,1.95548e-008,9.52896e-008,1.90373e-008,3.04629e-008,2.10859e-008,1.73329e-008,1.63317e-008,1.77234e-008,2.1726e-008,3.15244e-008,1.26411e-008,1.27226e-008,2.20469e-008,1.95933e-008,1.4972e-008,1.29702e-008,1.60223e-007,1.78949e-008,2.13059e-008,8.96916e-006,8.10963e-008,9.92507e-009,,8.75887e-008,1.10103e-007,9.43576e-008,
65536,4.76407e-007,,,1.73272e-008,7.68015e-008,2.48398e-008,5.13596e-008,3.13483e-008,2.27696e-008,1.81396e-008,1.82747e-008,2.18911e-008,3.1611e-008,1.36492e-008,1.37908e-008,2.1301e-008,1.9996e-008,1.4997e-008,1.33087e-008,3.43189e-007,2.3203e-008,4.12592e-008,1.79823e-005,7.77751e-008,9.20822e-009,,8.86539e-008,1.11183e-007,1.02681e-007,
131072,8.966e-007,,,,,2.75444e-008,6.23358e-008,3.83292e-008,2.52182e-008,1.994e-008,1.95799e-008,2.34639e-008,3.32173e-008,1.41505e-008,1.52292e-008,2.18184e-008,1.99743e-008,1.54992e-008,1.35329e-008,3.64954e-007,2.12902e-008,4.23915e-008,,8.13336e-008,9.62636e-009,,9.16765e-008,1.17273e-007,1.07376e-007,
262144,1.41498e-006,,,,,2.98947e-008,7.34098e-008,4.23229e-008,2.70548e-008,2.11058e-008,2.0742e-008,2.41107e-008,3.35926e-008,1.5241e-008,1.50731e-008,2.77648e-008,2.1092e-008,1.74517e-008,1.55134e-008,4.32453e-007,1.9532e-008,4.08402e-008,,8.69036e-008,9.00408e-009,,9.97909e-008,1.18531e-007,1.15898e-007,
524288,2.30342e-006,,,,,4.02795e-008,8.83506e-008,5.32533e-008,3.6544e-008,3.08589e-008,2.70076e-008,2.92339e-008,4.19168e-008,1.59809e-008,1.61372e-008,2.88918e-008,2.86288e-008,2.24985e-008,2.09512e-008,4.66693e-007,1.78223e-008,3.9919e-008,,9.73226e-008,1.03995e-008,,1.1617e-007,1.29713e-007,1.22486e-007,
1048576,3.36205e-006,,,,,1.54656e-007,4.18375e-007,2.37557e-007,1.47799e-007,6.77421e-008,4.08782e-008,3.51506e-008,3.95762e-008,1.69774e-008,1.70843e-008,3.00338e-008,3.03368e-008,2.35791e-008,2.15206e-008,4.50192e-007,1.62704e-008,3.9314e-008,,1.12919e-007,8.80189e-009,,1.30087e-007,1.38652e-007,1.31199e-007,
2097152,5.09849e-006,,,,,1.28115e-007,4.13204e-007,2.16891e-007,1.15076e-007,6.58481e-008,4.39162e-008,3.97409e-008,4.32541e-008,1.67633e-008,1.89538e-008,3.06677e-008,2.92251e-008,2.52015e-008,2.20323e-008,4.81629e-007,1.5084e-008,4.11741e-008,,1.16793e-007,9.36956e-009,,1.40165e-007,1.60828e-007,1.375e-007,
4194304,7.80406e-006,,,,,1.78101e-007,5.83776e-007,3.61932e-007,1.68853e-007,8.35049e-008,5.70488e-008,4.00434e-008,4.03142e-008,1.96658e-008,1.9033e-008,3.01996e-008,2.81794e-008,2.42265e-008,2.26261e-008,5.08743e-007,1.51813e-008,3.84309e-008,,1.38743e-007,1.14902e-008,,1.43455e-007,1.62799e-007,1.58396e-007,
8388608,1.25917e-005,,,,,1.79262e-007,6.78508e-007,3.42836e-007,1.75018e-007,9.33248e-008,5.8254e-008,5.09709e-008,6.12495e-008,1.89662e-008,2.11011e-008,3.20919e-008,2.96515e-008,2.58812e-008,2.37439e-008,5.46323e-007,1.47017e-008,,,1.33679e-007,1.04581e-008,,1.4927e-007,1.67888e-007,1.52974e-007,
