Repeat-50 string increasing length,DirectComp,DirectLookup,DirectCompLookup<10>,DirectCompLookup<20>,DirectCompLookup<100>,DirectCompLookup<sqrt n>,DirectCompLookup<2sqrt n>,Fingerprint_2<sqrt n>wc,Fingerprint_2<1/4sqrt n>ac,Fingerprint_2<1/2sqrt n>ac,Fingerprint_2<sqrt n>ac,Fingerprint_2<2sqrt n>ac,Fingerprint_2<4sqrt n>ac,Fingerprint_2<sqrt n>wc_{cache-horizontal-shift},Fingerprint_2<sqrt n>wc_{cache-horizontal-mult},Fingerprint_3<n^{2/3};n^{1/3}>wc,Fingerprint_3<n^{2/3};n^{1/3}>ac<n^{1/3};n^{2/3}>,Fingerprint_3<n^{2/3};n^{1/3}>ac<1;1>,Fingerprint_3<n^{2/3};n^{1/3}>ac,Fingerprint_{log n}wc,Fingerprint_{log n}ac,Fingerprint_{log n}ac_{cache-vertical-mult},RMQ<1;n>,RMQ<n;1>,DirectComp<1>RMQ<n;1>,RMQ<1;n>_{virtual},RMQ<n;1>_{virtual},RMQ<n;2log n>_{virtual},RMQ<n;4log n>_{virtual},
2,1.07585e-008,1.16146e-008,1.43939e-008,1.44522e-008,1.37897e-008,1.38297e-008,1.38069e-008,1.23701e-008,1.14881e-008,1.16075e-008,1.1581e-008,1.16413e-008,1.15276e-008,1.18603e-008,1.21963e-008,1.38691e-008,1.20554e-008,1.25922e-008,1.20643e-008,1.34938e-008,1.27102e-008,1.27358e-008,1.60221e-008,2.07501e-008,1.62246e-008,1.79541e-008,2.3875e-008,2.11417e-008,2.04562e-008,
4,9.58683e-009,1.23814e-008,1.40883e-008,1.38322e-008,1.39062e-008,1.39003e-008,1.39617e-008,1.1167e-008,1.09337e-008,1.10266e-008,1.0884e-008,1.08293e-008,1.08137e-008,1.12195e-008,1.09601e-008,1.35915e-008,1.16437e-008,1.18307e-008,1.08871e-008,1.48353e-008,1.11319e-008,1.06098e-008,2.13643e-008,3.05218e-008,1.23309e-008,2.64899e-008,3.50382e-008,3.41821e-008,3.30648e-008,
8,7.60523e-009,1.16766e-008,1.31582e-008,1.29668e-008,1.35295e-008,1.30728e-008,1.37565e-008,1.05646e-008,1.01378e-008,1.01563e-008,1.00645e-008,1.01376e-008,1.00889e-008,1.04433e-008,1.01176e-008,1.29053e-008,1.07861e-008,1.08616e-008,9.15864e-009,1.66189e-008,9.64222e-009,9.63963e-009,2.69047e-008,4.2023e-008,9.51762e-009,3.44097e-008,4.88709e-008,5.1514e-008,4.57324e-008,
16,7.20944e-009,1.1243e-008,1.32145e-008,1.32599e-008,1.32671e-008,1.31112e-008,1.33525e-008,9.94554e-009,9.16366e-009,9.01309e-009,9.02692e-009,9.31704e-009,9.44038e-009,9.8706e-009,9.35894e-009,1.26625e-008,1.06896e-008,1.04133e-008,8.87857e-009,1.82662e-008,9.21639e-009,8.71787e-009,3.03247e-008,4.25791e-008,8.48201e-009,4.14381e-008,5.25409e-008,6.04131e-008,4.82427e-008,
32,7.02331e-009,1.09029e-008,1.31623e-008,1.24526e-008,1.24451e-008,1.25077e-008,1.29633e-008,9.20354e-009,8.83751e-009,9.15284e-009,8.83653e-009,9.0654e-009,8.71207e-009,9.15158e-009,9.18266e-009,1.24711e-008,1.03064e-008,1.02868e-008,8.20949e-009,2.05388e-008,9.174e-009,8.71682e-009,3.47769e-008,4.63445e-008,7.76935e-009,5.54689e-008,5.44377e-008,6.95249e-008,6.25583e-008,
64,6.76217e-009,1.03281e-008,1.2538e-008,1.2573e-008,1.26195e-008,1.29198e-008,1.26806e-008,9.41628e-009,8.7282e-009,9.05464e-009,8.74245e-009,8.82696e-009,8.84351e-009,9.23832e-009,9.40161e-009,1.2332e-008,1.0349e-008,1.03209e-008,8.16871e-009,2.51079e-008,9.3632e-009,8.96832e-009,4.60511e-008,4.91136e-008,7.86036e-009,7.74536e-008,5.45111e-008,7.75915e-008,6.54953e-008,
128,7.46694e-009,1.13088e-008,1.2851e-008,1.31262e-008,1.37672e-008,1.29772e-008,1.29228e-008,9.58222e-009,9.89288e-009,9.31725e-009,9.13936e-009,9.19614e-009,9.31236e-009,9.9945e-009,9.78225e-009,1.41179e-008,1.11052e-008,1.12399e-008,9.15668e-009,2.49999e-008,1.00108e-008,9.47076e-009,6.81847e-008,5.14176e-008,8.06751e-009,1.26893e-007,6.24515e-008,8.82587e-008,7.43685e-008,
256,7.9501e-009,1.13112e-008,1.29007e-008,1.32791e-008,1.45176e-008,1.28587e-008,1.33639e-008,9.83875e-009,9.60932e-009,9.39714e-009,9.30286e-009,9.3074e-009,9.54933e-009,1.01644e-008,1.00719e-008,1.37016e-008,1.14338e-008,1.10803e-008,9.30481e-009,2.82924e-008,1.02937e-008,9.93758e-009,1.07309e-007,6.06416e-008,8.2829e-009,2.1602e-007,6.71905e-008,9.19413e-008,7.74985e-008,
512,9.38611e-009,1.19112e-008,1.29847e-008,1.3362e-008,1.5132e-008,1.33615e-008,1.41222e-008,1.0139e-008,1.02096e-008,9.77973e-009,9.60038e-009,9.59836e-009,9.95203e-009,1.01653e-008,1.02493e-008,1.32428e-008,1.19443e-008,1.14816e-008,9.37542e-009,2.91601e-008,1.06333e-008,1.00411e-008,1.76736e-007,6.09669e-008,8.3996e-009,3.96684e-007,7.0537e-008,9.20421e-008,8.19459e-008,
1024,1.2139e-008,3.38674e-008,1.33889e-008,1.37907e-008,1.54481e-008,1.36336e-008,1.43043e-008,1.01818e-008,1.08552e-008,1.02126e-008,9.90859e-009,1.02286e-008,1.04567e-008,1.04918e-008,1.03919e-008,1.38298e-008,1.24172e-008,1.15527e-008,9.48445e-009,3.9701e-008,1.08481e-008,1.1546e-008,3.15273e-007,6.08871e-008,8.71361e-009,7.34305e-007,7.24336e-008,9.31083e-008,8.42304e-008,
2048,1.84269e-008,6.95065e-008,1.42559e-008,1.46088e-008,1.62851e-008,1.47935e-008,1.63044e-008,1.14194e-008,1.2562e-008,1.14229e-008,1.08081e-008,1.08427e-008,1.14228e-008,1.10949e-008,1.08834e-008,1.4424e-008,1.3778e-008,1.24269e-008,1.11363e-008,5.90906e-008,1.17849e-008,1.31232e-008,6.04774e-007,6.40644e-008,8.75384e-009,1.42437e-006,7.1096e-008,9.13615e-008,8.27526e-008,
4096,2.90835e-008,7.10084e-008,1.38893e-008,1.39365e-008,1.55253e-008,1.4392e-008,1.623e-008,1.10526e-008,1.28572e-008,1.12625e-008,1.07493e-008,1.07474e-008,1.16673e-008,1.10509e-008,1.09827e-008,1.51235e-008,1.40477e-008,1.25484e-008,1.02349e-008,6.64017e-008,1.20303e-008,1.37852e-008,1.14705e-006,6.8708e-008,8.6893e-009,2.79776e-006,7.67019e-008,9.71891e-008,8.52066e-008,
8192,4.96585e-008,7.29665e-008,1.53597e-008,1.48097e-008,1.61106e-008,1.61874e-008,1.85982e-008,1.34234e-008,1.58136e-008,1.2666e-008,1.19744e-008,1.15123e-008,1.33231e-008,1.16189e-008,1.10964e-008,1.73428e-008,1.53536e-008,1.25964e-008,1.05918e-008,8.49155e-008,1.36403e-008,1.51615e-008,2.25051e-006,7.48799e-008,9.04396e-009,5.58677e-006,8.11256e-008,1.09293e-007,9.31669e-008,
16384,9.42013e-008,,1.51188e-008,1.60472e-008,1.71376e-008,1.70649e-008,1.97606e-008,1.77044e-008,2.39542e-008,1.79708e-008,1.49851e-008,1.42831e-008,1.58652e-008,1.28768e-008,1.26017e-008,2.02879e-008,1.84982e-008,1.40882e-008,1.21401e-008,9.19981e-008,1.48692e-008,1.56113e-008,4.47961e-006,7.69106e-008,9.12784e-009,1.11771e-005,8.29978e-008,1.07002e-007,9.50175e-008,
32768,1.8635e-007,,1.65816e-008,1.60951e-008,1.82231e-008,2.10524e-008,2.70852e-008,2.0749e-008,3.18132e-008,2.1908e-008,1.8126e-008,1.6467e-008,1.84709e-008,1.43698e-008,1.4162e-008,2.12771e-008,2.09709e-008,1.55192e-008,1.31123e-008,1.63003e-007,1.8961e-008,2.17372e-008,8.97441e-006,7.73813e-008,1.01729e-008,,8.13486e-008,1.08959e-007,9.90728e-008,
65536,7.3546e-007,,,1.61203e-008,1.82867e-008,2.20363e-008,2.76672e-008,3.16515e-008,7.58806e-008,4.46565e-008,2.86659e-008,2.25268e-008,2.29244e-008,1.77056e-008,1.75724e-008,2.35691e-008,2.44973e-008,1.74139e-008,1.56494e-008,3.50436e-007,3.07812e-008,4.88904e-008,1.79189e-005,7.66935e-008,1.15996e-008,,8.24137e-008,1.08616e-007,9.58065e-008,
131072,1.82097e-006,,,,,,,4.80743e-008,1.205e-007,6.90169e-008,4.30818e-008,3.15367e-008,3.09683e-008,2.16181e-008,2.16093e-008,2.63938e-008,3.21184e-008,2.08786e-008,1.91408e-008,3.65154e-007,3.13599e-008,6.51728e-008,,7.92652e-008,1.00986e-008,,8.37662e-008,1.1057e-007,1.02681e-007,
262144,4.03912e-006,,,,,,,6.19866e-008,1.86913e-007,1.00579e-007,5.90791e-008,4.1939e-008,4.37132e-008,2.84894e-008,2.78907e-008,3.35422e-008,3.80369e-008,2.66118e-008,2.48414e-008,4.33216e-007,3.38266e-008,6.7537e-008,,8.22011e-008,1.07887e-008,,8.99336e-008,1.1514e-007,1.05899e-007,
524288,8.23495e-006,,,,,,,1.01912e-007,3.12024e-007,1.60721e-007,1.13408e-007,7.81937e-008,6.98723e-008,3.45808e-008,3.61387e-008,5.55724e-008,6.62008e-008,5.03463e-008,4.83629e-008,4.53886e-007,3.62741e-008,7.55692e-008,,8.90502e-008,1.04723e-008,,9.63701e-008,1.2165e-007,1.07932e-007,
1048576,1.70374e-005,,,,,,,7.06733e-007,2.08742e-006,1.16215e-006,7.07648e-007,2.27543e-007,1.33508e-007,5.08298e-008,4.96575e-008,7.12887e-008,8.66503e-008,6.65222e-008,6.46308e-008,4.69867e-007,3.78571e-008,7.39126e-008,,9.31705e-008,1.01167e-008,,1.07912e-007,1.22424e-007,1.0997e-007,
2097152,,,,,,,,7.70318e-007,2.79024e-006,1.4662e-006,7.47022e-007,3.83111e-007,2.28425e-007,6.49697e-008,7.27526e-008,1.12304e-007,1.23606e-007,1.06013e-007,9.67492e-008,4.93971e-007,3.81924e-008,7.79368e-008,,1.02977e-007,1.12398e-008,,1.21597e-007,1.54649e-007,1.16936e-007,
4194304,,,,,,,,1.48283e-006,5.28628e-006,3.36299e-006,1.46728e-006,6.73924e-007,3.81552e-007,1.01368e-007,9.77138e-008,1.433e-007,1.61251e-007,1.30768e-007,1.31279e-007,5.64768e-007,4.02142e-008,8.36488e-008,,9.6369e-008,1.07759e-008,,1.02818e-007,1.48414e-007,1.17406e-007,
8388608,,,,,,,,1.90915e-006,7.71288e-006,3.92833e-006,1.88054e-006,9.52663e-007,5.66293e-007,1.17829e-007,1.47993e-007,1.84137e-007,2.09592e-007,1.77026e-007,1.66485e-007,,,,,1.13541e-007,1.02655e-008,,1.07804e-007,1.61887e-007,1.2685e-007,
