Random-4 string length 1000 by LCE value,DirectComp,DirectLookup,DirectCompLookup<log n>,DirectCompLookup<sqrt n>,DirectCompLookup<n/log n>,Fingerprint_2<sqrt n>wc,Fingerprint_2<1/4sqrt n>ac,Fingerprint_2<1/2sqrt n>ac,Fingerprint_2<sqrt n>ac,Fingerprint_2<2sqrt n>ac,Fingerprint_2<4sqrt n>ac,Fingerprint_2<8sqrt n>ac,Fingerprint_2<16sqrt n>ac,Fingerprint_2<sqrt n>ac_{cache-horizontal-shift},Fingerprint_2<sqrt n>ac_{cache-horizontal-mult},Fingerprint_3<n^{2/3};n^{1/3}>wc,Fingerprint_3<n^{2/3};n^{1/3}>ac<n^{1/3};n^{2/3}>,Fingerprint_3<n^{2/3};n^{1/3}>ac<1;1>,Fingerprint_3<n^{2/3};n^{1/3}>ac,Fingerprint_{log n}wc,Fingerprint_{log n}ac,Fingerprint_{log n}ac_{cache-vertical-mult},RMQ<1;n>,RMQ<n;1>,DirectComp<1>RMQ<n;1>,RMQ<1;n>_{virtual},RMQ<n;1>_{virtual},RMQ<n;2log n>_{virtual},RMQ<n;4log n>_{virtual},
0,1.11048e-008,1.80191e-008,1.6273e-008,1.77397e-008,1.73206e-008,1.42476e-008,1.35492e-008,1.40381e-008,1.34794e-008,1.35492e-008,1.34095e-008,1.36889e-008,1.3619e-008,1.37587e-008,1.37587e-008,1.9346e-008,1.51556e-008,1.54349e-008,1.3619e-008,3.67365e-008,1.38984e-008,1.42476e-008,4.41467e-007,6.49524e-008,1.2781e-008,8.8461e-007,6.55111e-008,1.00921e-007,9.29587e-008,
1,1.10349e-008,1.83683e-008,1.92064e-008,1.88571e-008,1.85079e-008,1.69016e-008,1.65524e-008,1.65524e-008,1.67619e-008,1.64127e-008,1.65524e-008,1.66921e-008,1.66222e-008,2.08127e-008,1.97651e-008,1.96952e-008,1.90667e-008,2.82857e-008,1.98349e-008,4.3581e-008,1.88571e-008,1.99048e-008,1.47225e-007,6.31365e-008,6.4673e-008,2.5946e-007,6.52318e-008,1.02038e-007,8.43683e-008,
2,1.15937e-008,1.82984e-008,2.16508e-008,2.12317e-008,2.08127e-008,1.68317e-008,1.74603e-008,1.76e-008,1.64825e-008,1.64825e-008,1.65524e-008,1.65524e-008,1.73206e-008,1.99048e-008,1.94857e-008,2.17206e-008,2.10222e-008,2.75873e-008,1.97651e-008,6.63492e-008,2.03937e-008,2.0254e-008,7.10984e-008,6.39746e-008,6.56508e-008,1.01479e-007,6.58603e-008,1.0099e-007,8.49968e-008,
3,1.21524e-008,1.80191e-008,2.34667e-008,2.23492e-008,2.17206e-008,1.74603e-008,1.8019e-008,1.73206e-008,1.73905e-008,1.72508e-008,1.73206e-008,1.72508e-008,1.94159e-008,2.05333e-008,2.13016e-008,2.23492e-008,2.23492e-008,2.83556e-008,1.94857e-008,8.06667e-008,2.36064e-008,2.68889e-008,4.36508e-008,6.06921e-008,6.50921e-008,5.62921e-008,6.2927e-008,8.36699e-008,8.05968e-008,
4,1.33397e-008,1.72508e-008,2.53524e-008,2.44444e-008,2.38857e-008,1.81587e-008,1.96952e-008,1.84381e-008,1.81587e-008,1.83683e-008,1.83683e-008,1.83683e-008,1.9346e-008,2.17905e-008,2.28381e-008,2.30476e-008,2.45143e-008,2.95429e-008,2.04635e-008,5.74794e-008,2.41651e-008,2.69587e-008,3.17079e-008,4.43492e-008,4.21143e-008,3.64571e-008,4.63746e-008,5.52445e-008,5.4546e-008,
5,1.43873e-008,1.56444e-008,2.71683e-008,3.49206e-008,2.51429e-008,1.87873e-008,2.0673e-008,1.92064e-008,1.92762e-008,1.92762e-008,1.92762e-008,1.92762e-008,1.9346e-008,2.32571e-008,2.31873e-008,2.22095e-008,2.4654e-008,3.02413e-008,2.10921e-008,6.4254e-008,2.40952e-008,2.65397e-008,2.39556e-008,3.42921e-008,3.50603e-008,2.78667e-008,3.91111e-008,3.86921e-008,3.76444e-008,
6,1.55048e-008,1.45968e-008,2.95429e-008,2.98921e-008,2.73079e-008,1.94857e-008,2.16508e-008,2.03937e-008,2.01841e-008,2.04635e-008,2.03937e-008,2.03937e-008,2.03937e-008,2.41651e-008,2.40254e-008,2.22794e-008,2.63302e-008,3.13587e-008,2.18603e-008,7.26349e-008,2.44444e-008,2.58413e-008,1.96254e-008,2.92635e-008,2.89841e-008,2.26984e-008,3.41524e-008,2.91238e-008,2.89841e-008,
7,1.70413e-008,1.48064e-008,3.18476e-008,3.18476e-008,2.85651e-008,2.00444e-008,1.96254e-008,2.09524e-008,2.89143e-008,2.2e-008,2.10222e-008,2.10222e-008,2.0673e-008,2.52825e-008,2.45841e-008,2.3746e-008,2.82159e-008,3.15683e-008,2.32571e-008,6.71873e-008,2.75873e-008,3.03111e-008,1.77397e-008,2.88444e-008,2.84254e-008,2.19302e-008,3.39429e-008,2.74476e-008,2.89841e-008,
8,1.78794e-008,1.47365e-008,3.45714e-008,3.39429e-008,3.27556e-008,2.05333e-008,2.10222e-008,2.30476e-008,2.24889e-008,2.26286e-008,2.13714e-008,2.14413e-008,2.13714e-008,2.61905e-008,2.7727e-008,2.42349e-008,3.13587e-008,3.15683e-008,2.39556e-008,3.31048e-008,2.75873e-008,3.18476e-008,1.71111e-008,2.84254e-008,2.92635e-008,2.15111e-008,3.35937e-008,2.64698e-008,2.78667e-008,
9,,,,,,,,,,,,,,,,,,,,,,,,,,,,,,
10,,,,,,,,,,,,,,,,,,,,,,,,,,,,,,
11,,,,,,,,,,,,,,,,,,,,,,,,,,,,,,
12,,,,,,,,,,,,,,,,,,,,,,,,,,,,,,
13,,,,,,,,,,,,,,,,,,,,,,,,,,,,,,
14,,,,,,,,,,,,,,,,,,,,,,,,,,,,,,
15,,,,,,,,,,,,,,,,,,,,,,,,,,,,,,
16,,,,,,,,,,,,,,,,,,,,,,,,,,,,,,
17,,,,,,,,,,,,,,,,,,,,,,,,,,,,,,
18,,,,,,,,,,,,,,,,,,,,,,,,,,,,,,
19,,,,,,,,,,,,,,,,,,,,,,,,,,,,,,
20,,,,,,,,,,,,,,,,,,,,,,,,,,,,,,
21,,,,,,,,,,,,,,,,,,,,,,,,,,,,,,
22,,,,,,,,,,,,,,,,,,,,,,,,,,,,,,
23,,,,,,,,,,,,,,,,,,,,,,,,,,,,,,
24,,,,,,,,,,,,,,,,,,,,,,,,,,,,,,
25,,,,,,,,,,,,,,,,,,,,,,,,,,,,,,
26,,,,,,,,,,,,,,,,,,,,,,,,,,,,,,
27,,,,,,,,,,,,,,,,,,,,,,,,,,,,,,
28,,,,,,,,,,,,,,,,,,,,,,,,,,,,,,
29,,,,,,,,,,,,,,,,,,,,,,,,,,,,,,
30,,,,,,,,,,,,,,,,,,,,,,,,,,,,,,
31,,,,,,,,,,,,,,,,,,,,,,,,,,,,,,
32,,,,,,,,,,,,,,,,,,,,,,,,,,,,,,
33,,,,,,,,,,,,,,,,,,,,,,,,,,,,,,
34,,,,,,,,,,,,,,,,,,,,,,,,,,,,,,
35,,,,,,,,,,,,,,,,,,,,,,,,,,,,,,
36,,,,,,,,,,,,,,,,,,,,,,,,,,,,,,
37,,,,,,,,,,,,,,,,,,,,,,,,,,,,,,
38,,,,,,,,,,,,,,,,,,,,,,,,,,,,,,
39,,,,,,,,,,,,,,,,,,,,,,,,,,,,,,
40,,,,,,,,,,,,,,,,,,,,,,,,,,,,,,
41,,,,,,,,,,,,,,,,,,,,,,,,,,,,,,
42,,,,,,,,,,,,,,,,,,,,,,,,,,,,,,
43,,,,,,,,,,,,,,,,,,,,,,,,,,,,,,
44,,,,,,,,,,,,,,,,,,,,,,,,,,,,,,
45,,,,,,,,,,,,,,,,,,,,,,,,,,,,,,
46,,,,,,,,,,,,,,,,,,,,,,,,,,,,,,
47,,,,,,,,,,,,,,,,,,,,,,,,,,,,,,
48,,,,,,,,,,,,,,,,,,,,,,,,,,,,,,
49,,,,,,,,,,,,,,,,,,,,,,,,,,,,,,
50,,,,,,,,,,,,,,,,,,,,,,,,,,,,,,
51,,,,,,,,,,,,,,,,,,,,,,,,,,,,,,
52,,,,,,,,,,,,,,,,,,,,,,,,,,,,,,
53,,,,,,,,,,,,,,,,,,,,,,,,,,,,,,
54,,,,,,,,,,,,,,,,,,,,,,,,,,,,,,
55,,,,,,,,,,,,,,,,,,,,,,,,,,,,,,
56,,,,,,,,,,,,,,,,,,,,,,,,,,,,,,
57,,,,,,,,,,,,,,,,,,,,,,,,,,,,,,
58,,,,,,,,,,,,,,,,,,,,,,,,,,,,,,
59,,,,,,,,,,,,,,,,,,,,,,,,,,,,,,
60,,,,,,,,,,,,,,,,,,,,,,,,,,,,,,
61,,,,,,,,,,,,,,,,,,,,,,,,,,,,,,
62,,,,,,,,,,,,,,,,,,,,,,,,,,,,,,
63,,,,,,,,,,,,,,,,,,,,,,,,,,,,,,
64,,,,,,,,,,,,,,,,,,,,,,,,,,,,,,
65,,,,,,,,,,,,,,,,,,,,,,,,,,,,,,
66,,,,,,,,,,,,,,,,,,,,,,,,,,,,,,
67,,,,,,,,,,,,,,,,,,,,,,,,,,,,,,
68,,,,,,,,,,,,,,,,,,,,,,,,,,,,,,
69,,,,,,,,,,,,,,,,,,,,,,,,,,,,,,
70,,,,,,,,,,,,,,,,,,,,,,,,,,,,,,
71,,,,,,,,,,,,,,,,,,,,,,,,,,,,,,
72,,,,,,,,,,,,,,,,,,,,,,,,,,,,,,
73,,,,,,,,,,,,,,,,,,,,,,,,,,,,,,
74,,,,,,,,,,,,,,,,,,,,,,,,,,,,,,
75,,,,,,,,,,,,,,,,,,,,,,,,,,,,,,
76,,,,,,,,,,,,,,,,,,,,,,,,,,,,,,
77,,,,,,,,,,,,,,,,,,,,,,,,,,,,,,
78,,,,,,,,,,,,,,,,,,,,,,,,,,,,,,
79,,,,,,,,,,,,,,,,,,,,,,,,,,,,,,
80,,,,,,,,,,,,,,,,,,,,,,,,,,,,,,
81,,,,,,,,,,,,,,,,,,,,,,,,,,,,,,
82,,,,,,,,,,,,,,,,,,,,,,,,,,,,,,
83,,,,,,,,,,,,,,,,,,,,,,,,,,,,,,
84,,,,,,,,,,,,,,,,,,,,,,,,,,,,,,
85,,,,,,,,,,,,,,,,,,,,,,,,,,,,,,
86,,,,,,,,,,,,,,,,,,,,,,,,,,,,,,
87,,,,,,,,,,,,,,,,,,,,,,,,,,,,,,
88,,,,,,,,,,,,,,,,,,,,,,,,,,,,,,
89,,,,,,,,,,,,,,,,,,,,,,,,,,,,,,
90,,,,,,,,,,,,,,,,,,,,,,,,,,,,,,
91,,,,,,,,,,,,,,,,,,,,,,,,,,,,,,
92,,,,,,,,,,,,,,,,,,,,,,,,,,,,,,
93,,,,,,,,,,,,,,,,,,,,,,,,,,,,,,
94,,,,,,,,,,,,,,,,,,,,,,,,,,,,,,
95,,,,,,,,,,,,,,,,,,,,,,,,,,,,,,
96,,,,,,,,,,,,,,,,,,,,,,,,,,,,,,
97,,,,,,,,,,,,,,,,,,,,,,,,,,,,,,
98,,,,,,,,,,,,,,,,,,,,,,,,,,,,,,
99,,,,,,,,,,,,,,,,,,,,,,,,,,,,,,
100,,,,,,,,,,,,,,,,,,,,,,,,,,,,,,
101,,,,,,,,,,,,,,,,,,,,,,,,,,,,,,
102,,,,,,,,,,,,,,,,,,,,,,,,,,,,,,
103,,,,,,,,,,,,,,,,,,,,,,,,,,,,,,
104,,,,,,,,,,,,,,,,,,,,,,,,,,,,,,
105,,,,,,,,,,,,,,,,,,,,,,,,,,,,,,
106,,,,,,,,,,,,,,,,,,,,,,,,,,,,,,
107,,,,,,,,,,,,,,,,,,,,,,,,,,,,,,
108,,,,,,,,,,,,,,,,,,,,,,,,,,,,,,
109,,,,,,,,,,,,,,,,,,,,,,,,,,,,,,
110,,,,,,,,,,,,,,,,,,,,,,,,,,,,,,
111,,,,,,,,,,,,,,,,,,,,,,,,,,,,,,
112,,,,,,,,,,,,,,,,,,,,,,,,,,,,,,
113,,,,,,,,,,,,,,,,,,,,,,,,,,,,,,
114,,,,,,,,,,,,,,,,,,,,,,,,,,,,,,
115,,,,,,,,,,,,,,,,,,,,,,,,,,,,,,
116,,,,,,,,,,,,,,,,,,,,,,,,,,,,,,
117,,,,,,,,,,,,,,,,,,,,,,,,,,,,,,
118,,,,,,,,,,,,,,,,,,,,,,,,,,,,,,
119,,,,,,,,,,,,,,,,,,,,,,,,,,,,,,
120,,,,,,,,,,,,,,,,,,,,,,,,,,,,,,
121,,,,,,,,,,,,,,,,,,,,,,,,,,,,,,
122,,,,,,,,,,,,,,,,,,,,,,,,,,,,,,
123,,,,,,,,,,,,,,,,,,,,,,,,,,,,,,
124,,,,,,,,,,,,,,,,,,,,,,,,,,,,,,
125,,,,,,,,,,,,,,,,,,,,,,,,,,,,,,
126,,,,,,,,,,,,,,,,,,,,,,,,,,,,,,
127,,,,,,,,,,,,,,,,,,,,,,,,,,,,,,
128,,,,,,,,,,,,,,,,,,,,,,,,,,,,,,
129,,,,,,,,,,,,,,,,,,,,,,,,,,,,,,
130,,,,,,,,,,,,,,,,,,,,,,,,,,,,,,
131,,,,,,,,,,,,,,,,,,,,,,,,,,,,,,
132,,,,,,,,,,,,,,,,,,,,,,,,,,,,,,
133,,,,,,,,,,,,,,,,,,,,,,,,,,,,,,
134,,,,,,,,,,,,,,,,,,,,,,,,,,,,,,
135,,,,,,,,,,,,,,,,,,,,,,,,,,,,,,
136,,,,,,,,,,,,,,,,,,,,,,,,,,,,,,
137,,,,,,,,,,,,,,,,,,,,,,,,,,,,,,
138,,,,,,,,,,,,,,,,,,,,,,,,,,,,,,
139,,,,,,,,,,,,,,,,,,,,,,,,,,,,,,
140,,,,,,,,,,,,,,,,,,,,,,,,,,,,,,
141,,,,,,,,,,,,,,,,,,,,,,,,,,,,,,
142,,,,,,,,,,,,,,,,,,,,,,,,,,,,,,
143,,,,,,,,,,,,,,,,,,,,,,,,,,,,,,
144,,,,,,,,,,,,,,,,,,,,,,,,,,,,,,
145,,,,,,,,,,,,,,,,,,,,,,,,,,,,,,
146,,,,,,,,,,,,,,,,,,,,,,,,,,,,,,
147,,,,,,,,,,,,,,,,,,,,,,,,,,,,,,
148,,,,,,,,,,,,,,,,,,,,,,,,,,,,,,
149,,,,,,,,,,,,,,,,,,,,,,,,,,,,,,
150,,,,,,,,,,,,,,,,,,,,,,,,,,,,,,
151,,,,,,,,,,,,,,,,,,,,,,,,,,,,,,
152,,,,,,,,,,,,,,,,,,,,,,,,,,,,,,
153,,,,,,,,,,,,,,,,,,,,,,,,,,,,,,
154,,,,,,,,,,,,,,,,,,,,,,,,,,,,,,
155,,,,,,,,,,,,,,,,,,,,,,,,,,,,,,
156,,,,,,,,,,,,,,,,,,,,,,,,,,,,,,
157,,,,,,,,,,,,,,,,,,,,,,,,,,,,,,
158,,,,,,,,,,,,,,,,,,,,,,,,,,,,,,
159,,,,,,,,,,,,,,,,,,,,,,,,,,,,,,
160,,,,,,,,,,,,,,,,,,,,,,,,,,,,,,
161,,,,,,,,,,,,,,,,,,,,,,,,,,,,,,
162,,,,,,,,,,,,,,,,,,,,,,,,,,,,,,
163,,,,,,,,,,,,,,,,,,,,,,,,,,,,,,
164,,,,,,,,,,,,,,,,,,,,,,,,,,,,,,
165,,,,,,,,,,,,,,,,,,,,,,,,,,,,,,
166,,,,,,,,,,,,,,,,,,,,,,,,,,,,,,
167,,,,,,,,,,,,,,,,,,,,,,,,,,,,,,
168,,,,,,,,,,,,,,,,,,,,,,,,,,,,,,
169,,,,,,,,,,,,,,,,,,,,,,,,,,,,,,
170,,,,,,,,,,,,,,,,,,,,,,,,,,,,,,
171,,,,,,,,,,,,,,,,,,,,,,,,,,,,,,
172,,,,,,,,,,,,,,,,,,,,,,,,,,,,,,
173,,,,,,,,,,,,,,,,,,,,,,,,,,,,,,
174,,,,,,,,,,,,,,,,,,,,,,,,,,,,,,
175,,,,,,,,,,,,,,,,,,,,,,,,,,,,,,
176,,,,,,,,,,,,,,,,,,,,,,,,,,,,,,
177,,,,,,,,,,,,,,,,,,,,,,,,,,,,,,
178,,,,,,,,,,,,,,,,,,,,,,,,,,,,,,
179,,,,,,,,,,,,,,,,,,,,,,,,,,,,,,
180,,,,,,,,,,,,,,,,,,,,,,,,,,,,,,
181,,,,,,,,,,,,,,,,,,,,,,,,,,,,,,
182,,,,,,,,,,,,,,,,,,,,,,,,,,,,,,
183,,,,,,,,,,,,,,,,,,,,,,,,,,,,,,
184,,,,,,,,,,,,,,,,,,,,,,,,,,,,,,
185,,,,,,,,,,,,,,,,,,,,,,,,,,,,,,
186,,,,,,,,,,,,,,,,,,,,,,,,,,,,,,
187,,,,,,,,,,,,,,,,,,,,,,,,,,,,,,
188,,,,,,,,,,,,,,,,,,,,,,,,,,,,,,
189,,,,,,,,,,,,,,,,,,,,,,,,,,,,,,
190,,,,,,,,,,,,,,,,,,,,,,,,,,,,,,
191,,,,,,,,,,,,,,,,,,,,,,,,,,,,,,
192,,,,,,,,,,,,,,,,,,,,,,,,,,,,,,
193,,,,,,,,,,,,,,,,,,,,,,,,,,,,,,
194,,,,,,,,,,,,,,,,,,,,,,,,,,,,,,
195,,,,,,,,,,,,,,,,,,,,,,,,,,,,,,
196,,,,,,,,,,,,,,,,,,,,,,,,,,,,,,
197,,,,,,,,,,,,,,,,,,,,,,,,,,,,,,
198,,,,,,,,,,,,,,,,,,,,,,,,,,,,,,
199,,,,,,,,,,,,,,,,,,,,,,,,,,,,,,
200,,,,,,,,,,,,,,,,,,,,,,,,,,,,,,
201,,,,,,,,,,,,,,,,,,,,,,,,,,,,,,
202,,,,,,,,,,,,,,,,,,,,,,,,,,,,,,
203,,,,,,,,,,,,,,,,,,,,,,,,,,,,,,
204,,,,,,,,,,,,,,,,,,,,,,,,,,,,,,
205,,,,,,,,,,,,,,,,,,,,,,,,,,,,,,
206,,,,,,,,,,,,,,,,,,,,,,,,,,,,,,
207,,,,,,,,,,,,,,,,,,,,,,,,,,,,,,
208,,,,,,,,,,,,,,,,,,,,,,,,,,,,,,
209,,,,,,,,,,,,,,,,,,,,,,,,,,,,,,
210,,,,,,,,,,,,,,,,,,,,,,,,,,,,,,
211,,,,,,,,,,,,,,,,,,,,,,,,,,,,,,
212,,,,,,,,,,,,,,,,,,,,,,,,,,,,,,
213,,,,,,,,,,,,,,,,,,,,,,,,,,,,,,
214,,,,,,,,,,,,,,,,,,,,,,,,,,,,,,
215,,,,,,,,,,,,,,,,,,,,,,,,,,,,,,
216,,,,,,,,,,,,,,,,,,,,,,,,,,,,,,
217,,,,,,,,,,,,,,,,,,,,,,,,,,,,,,
218,,,,,,,,,,,,,,,,,,,,,,,,,,,,,,
219,,,,,,,,,,,,,,,,,,,,,,,,,,,,,,
220,,,,,,,,,,,,,,,,,,,,,,,,,,,,,,
221,,,,,,,,,,,,,,,,,,,,,,,,,,,,,,
222,,,,,,,,,,,,,,,,,,,,,,,,,,,,,,
223,,,,,,,,,,,,,,,,,,,,,,,,,,,,,,
224,,,,,,,,,,,,,,,,,,,,,,,,,,,,,,
225,,,,,,,,,,,,,,,,,,,,,,,,,,,,,,
226,,,,,,,,,,,,,,,,,,,,,,,,,,,,,,
227,,,,,,,,,,,,,,,,,,,,,,,,,,,,,,
228,,,,,,,,,,,,,,,,,,,,,,,,,,,,,,
229,,,,,,,,,,,,,,,,,,,,,,,,,,,,,,
230,,,,,,,,,,,,,,,,,,,,,,,,,,,,,,
231,,,,,,,,,,,,,,,,,,,,,,,,,,,,,,
232,,,,,,,,,,,,,,,,,,,,,,,,,,,,,,
233,,,,,,,,,,,,,,,,,,,,,,,,,,,,,,
234,,,,,,,,,,,,,,,,,,,,,,,,,,,,,,
235,,,,,,,,,,,,,,,,,,,,,,,,,,,,,,
236,,,,,,,,,,,,,,,,,,,,,,,,,,,,,,
237,,,,,,,,,,,,,,,,,,,,,,,,,,,,,,
238,,,,,,,,,,,,,,,,,,,,,,,,,,,,,,
239,,,,,,,,,,,,,,,,,,,,,,,,,,,,,,
240,,,,,,,,,,,,,,,,,,,,,,,,,,,,,,
241,,,,,,,,,,,,,,,,,,,,,,,,,,,,,,
242,,,,,,,,,,,,,,,,,,,,,,,,,,,,,,
243,,,,,,,,,,,,,,,,,,,,,,,,,,,,,,
244,,,,,,,,,,,,,,,,,,,,,,,,,,,,,,
245,,,,,,,,,,,,,,,,,,,,,,,,,,,,,,
246,,,,,,,,,,,,,,,,,,,,,,,,,,,,,,
247,,,,,,,,,,,,,,,,,,,,,,,,,,,,,,
248,,,,,,,,,,,,,,,,,,,,,,,,,,,,,,
249,,,,,,,,,,,,,,,,,,,,,,,,,,,,,,
250,,,,,,,,,,,,,,,,,,,,,,,,,,,,,,
251,,,,,,,,,,,,,,,,,,,,,,,,,,,,,,
252,,,,,,,,,,,,,,,,,,,,,,,,,,,,,,
253,,,,,,,,,,,,,,,,,,,,,,,,,,,,,,
254,,,,,,,,,,,,,,,,,,,,,,,,,,,,,,
255,,,,,,,,,,,,,,,,,,,,,,,,,,,,,,
256,,,,,,,,,,,,,,,,,,,,,,,,,,,,,,
257,,,,,,,,,,,,,,,,,,,,,,,,,,,,,,
258,,,,,,,,,,,,,,,,,,,,,,,,,,,,,,
259,,,,,,,,,,,,,,,,,,,,,,,,,,,,,,
260,,,,,,,,,,,,,,,,,,,,,,,,,,,,,,
261,,,,,,,,,,,,,,,,,,,,,,,,,,,,,,
262,,,,,,,,,,,,,,,,,,,,,,,,,,,,,,
263,,,,,,,,,,,,,,,,,,,,,,,,,,,,,,
264,,,,,,,,,,,,,,,,,,,,,,,,,,,,,,
265,,,,,,,,,,,,,,,,,,,,,,,,,,,,,,
266,,,,,,,,,,,,,,,,,,,,,,,,,,,,,,
267,,,,,,,,,,,,,,,,,,,,,,,,,,,,,,
268,,,,,,,,,,,,,,,,,,,,,,,,,,,,,,
269,,,,,,,,,,,,,,,,,,,,,,,,,,,,,,
270,,,,,,,,,,,,,,,,,,,,,,,,,,,,,,
271,,,,,,,,,,,,,,,,,,,,,,,,,,,,,,
272,,,,,,,,,,,,,,,,,,,,,,,,,,,,,,
273,,,,,,,,,,,,,,,,,,,,,,,,,,,,,,
274,,,,,,,,,,,,,,,,,,,,,,,,,,,,,,
275,,,,,,,,,,,,,,,,,,,,,,,,,,,,,,
276,,,,,,,,,,,,,,,,,,,,,,,,,,,,,,
277,,,,,,,,,,,,,,,,,,,,,,,,,,,,,,
278,,,,,,,,,,,,,,,,,,,,,,,,,,,,,,
279,,,,,,,,,,,,,,,,,,,,,,,,,,,,,,
280,,,,,,,,,,,,,,,,,,,,,,,,,,,,,,
281,,,,,,,,,,,,,,,,,,,,,,,,,,,,,,
282,,,,,,,,,,,,,,,,,,,,,,,,,,,,,,
283,,,,,,,,,,,,,,,,,,,,,,,,,,,,,,
284,,,,,,,,,,,,,,,,,,,,,,,,,,,,,,
285,,,,,,,,,,,,,,,,,,,,,,,,,,,,,,
286,,,,,,,,,,,,,,,,,,,,,,,,,,,,,,
287,,,,,,,,,,,,,,,,,,,,,,,,,,,,,,
288,,,,,,,,,,,,,,,,,,,,,,,,,,,,,,
289,,,,,,,,,,,,,,,,,,,,,,,,,,,,,,
290,,,,,,,,,,,,,,,,,,,,,,,,,,,,,,
291,,,,,,,,,,,,,,,,,,,,,,,,,,,,,,
292,,,,,,,,,,,,,,,,,,,,,,,,,,,,,,
293,,,,,,,,,,,,,,,,,,,,,,,,,,,,,,
294,,,,,,,,,,,,,,,,,,,,,,,,,,,,,,
295,,,,,,,,,,,,,,,,,,,,,,,,,,,,,,
296,,,,,,,,,,,,,,,,,,,,,,,,,,,,,,
297,,,,,,,,,,,,,,,,,,,,,,,,,,,,,,
298,,,,,,,,,,,,,,,,,,,,,,,,,,,,,,
299,,,,,,,,,,,,,,,,,,,,,,,,,,,,,,
300,,,,,,,,,,,,,,,,,,,,,,,,,,,,,,
301,,,,,,,,,,,,,,,,,,,,,,,,,,,,,,
302,,,,,,,,,,,,,,,,,,,,,,,,,,,,,,
303,,,,,,,,,,,,,,,,,,,,,,,,,,,,,,
304,,,,,,,,,,,,,,,,,,,,,,,,,,,,,,
305,,,,,,,,,,,,,,,,,,,,,,,,,,,,,,
306,,,,,,,,,,,,,,,,,,,,,,,,,,,,,,
307,,,,,,,,,,,,,,,,,,,,,,,,,,,,,,
308,,,,,,,,,,,,,,,,,,,,,,,,,,,,,,
309,,,,,,,,,,,,,,,,,,,,,,,,,,,,,,
310,,,,,,,,,,,,,,,,,,,,,,,,,,,,,,
311,,,,,,,,,,,,,,,,,,,,,,,,,,,,,,
312,,,,,,,,,,,,,,,,,,,,,,,,,,,,,,
313,,,,,,,,,,,,,,,,,,,,,,,,,,,,,,
314,,,,,,,,,,,,,,,,,,,,,,,,,,,,,,
315,,,,,,,,,,,,,,,,,,,,,,,,,,,,,,
316,,,,,,,,,,,,,,,,,,,,,,,,,,,,,,
317,,,,,,,,,,,,,,,,,,,,,,,,,,,,,,
318,,,,,,,,,,,,,,,,,,,,,,,,,,,,,,
319,,,,,,,,,,,,,,,,,,,,,,,,,,,,,,
320,,,,,,,,,,,,,,,,,,,,,,,,,,,,,,
321,,,,,,,,,,,,,,,,,,,,,,,,,,,,,,
322,,,,,,,,,,,,,,,,,,,,,,,,,,,,,,
323,,,,,,,,,,,,,,,,,,,,,,,,,,,,,,
324,,,,,,,,,,,,,,,,,,,,,,,,,,,,,,
325,,,,,,,,,,,,,,,,,,,,,,,,,,,,,,
326,,,,,,,,,,,,,,,,,,,,,,,,,,,,,,
327,,,,,,,,,,,,,,,,,,,,,,,,,,,,,,
328,,,,,,,,,,,,,,,,,,,,,,,,,,,,,,
329,,,,,,,,,,,,,,,,,,,,,,,,,,,,,,
330,,,,,,,,,,,,,,,,,,,,,,,,,,,,,,
331,,,,,,,,,,,,,,,,,,,,,,,,,,,,,,
332,,,,,,,,,,,,,,,,,,,,,,,,,,,,,,
333,,,,,,,,,,,,,,,,,,,,,,,,,,,,,,
334,,,,,,,,,,,,,,,,,,,,,,,,,,,,,,
335,,,,,,,,,,,,,,,,,,,,,,,,,,,,,,
336,,,,,,,,,,,,,,,,,,,,,,,,,,,,,,
337,,,,,,,,,,,,,,,,,,,,,,,,,,,,,,
338,,,,,,,,,,,,,,,,,,,,,,,,,,,,,,
339,,,,,,,,,,,,,,,,,,,,,,,,,,,,,,
340,,,,,,,,,,,,,,,,,,,,,,,,,,,,,,
341,,,,,,,,,,,,,,,,,,,,,,,,,,,,,,
342,,,,,,,,,,,,,,,,,,,,,,,,,,,,,,
343,,,,,,,,,,,,,,,,,,,,,,,,,,,,,,
344,,,,,,,,,,,,,,,,,,,,,,,,,,,,,,
345,,,,,,,,,,,,,,,,,,,,,,,,,,,,,,
346,,,,,,,,,,,,,,,,,,,,,,,,,,,,,,
347,,,,,,,,,,,,,,,,,,,,,,,,,,,,,,
348,,,,,,,,,,,,,,,,,,,,,,,,,,,,,,
349,,,,,,,,,,,,,,,,,,,,,,,,,,,,,,
350,,,,,,,,,,,,,,,,,,,,,,,,,,,,,,
351,,,,,,,,,,,,,,,,,,,,,,,,,,,,,,
352,,,,,,,,,,,,,,,,,,,,,,,,,,,,,,
353,,,,,,,,,,,,,,,,,,,,,,,,,,,,,,
354,,,,,,,,,,,,,,,,,,,,,,,,,,,,,,
355,,,,,,,,,,,,,,,,,,,,,,,,,,,,,,
356,,,,,,,,,,,,,,,,,,,,,,,,,,,,,,
357,,,,,,,,,,,,,,,,,,,,,,,,,,,,,,
358,,,,,,,,,,,,,,,,,,,,,,,,,,,,,,
359,,,,,,,,,,,,,,,,,,,,,,,,,,,,,,
360,,,,,,,,,,,,,,,,,,,,,,,,,,,,,,
361,,,,,,,,,,,,,,,,,,,,,,,,,,,,,,
362,,,,,,,,,,,,,,,,,,,,,,,,,,,,,,
363,,,,,,,,,,,,,,,,,,,,,,,,,,,,,,
364,,,,,,,,,,,,,,,,,,,,,,,,,,,,,,
365,,,,,,,,,,,,,,,,,,,,,,,,,,,,,,
366,,,,,,,,,,,,,,,,,,,,,,,,,,,,,,
367,,,,,,,,,,,,,,,,,,,,,,,,,,,,,,
368,,,,,,,,,,,,,,,,,,,,,,,,,,,,,,
369,,,,,,,,,,,,,,,,,,,,,,,,,,,,,,
370,,,,,,,,,,,,,,,,,,,,,,,,,,,,,,
371,,,,,,,,,,,,,,,,,,,,,,,,,,,,,,
372,,,,,,,,,,,,,,,,,,,,,,,,,,,,,,
373,,,,,,,,,,,,,,,,,,,,,,,,,,,,,,
374,,,,,,,,,,,,,,,,,,,,,,,,,,,,,,
375,,,,,,,,,,,,,,,,,,,,,,,,,,,,,,
376,,,,,,,,,,,,,,,,,,,,,,,,,,,,,,
377,,,,,,,,,,,,,,,,,,,,,,,,,,,,,,
378,,,,,,,,,,,,,,,,,,,,,,,,,,,,,,
379,,,,,,,,,,,,,,,,,,,,,,,,,,,,,,
380,,,,,,,,,,,,,,,,,,,,,,,,,,,,,,
381,,,,,,,,,,,,,,,,,,,,,,,,,,,,,,
382,,,,,,,,,,,,,,,,,,,,,,,,,,,,,,
383,,,,,,,,,,,,,,,,,,,,,,,,,,,,,,
384,,,,,,,,,,,,,,,,,,,,,,,,,,,,,,
385,,,,,,,,,,,,,,,,,,,,,,,,,,,,,,
386,,,,,,,,,,,,,,,,,,,,,,,,,,,,,,
387,,,,,,,,,,,,,,,,,,,,,,,,,,,,,,
388,,,,,,,,,,,,,,,,,,,,,,,,,,,,,,
389,,,,,,,,,,,,,,,,,,,,,,,,,,,,,,
390,,,,,,,,,,,,,,,,,,,,,,,,,,,,,,
391,,,,,,,,,,,,,,,,,,,,,,,,,,,,,,
392,,,,,,,,,,,,,,,,,,,,,,,,,,,,,,
393,,,,,,,,,,,,,,,,,,,,,,,,,,,,,,
394,,,,,,,,,,,,,,,,,,,,,,,,,,,,,,
395,,,,,,,,,,,,,,,,,,,,,,,,,,,,,,
396,,,,,,,,,,,,,,,,,,,,,,,,,,,,,,
397,,,,,,,,,,,,,,,,,,,,,,,,,,,,,,
398,,,,,,,,,,,,,,,,,,,,,,,,,,,,,,
399,,,,,,,,,,,,,,,,,,,,,,,,,,,,,,
400,,,,,,,,,,,,,,,,,,,,,,,,,,,,,,
401,,,,,,,,,,,,,,,,,,,,,,,,,,,,,,
402,,,,,,,,,,,,,,,,,,,,,,,,,,,,,,
403,,,,,,,,,,,,,,,,,,,,,,,,,,,,,,
404,,,,,,,,,,,,,,,,,,,,,,,,,,,,,,
405,,,,,,,,,,,,,,,,,,,,,,,,,,,,,,
406,,,,,,,,,,,,,,,,,,,,,,,,,,,,,,
407,,,,,,,,,,,,,,,,,,,,,,,,,,,,,,
408,,,,,,,,,,,,,,,,,,,,,,,,,,,,,,
409,,,,,,,,,,,,,,,,,,,,,,,,,,,,,,
410,,,,,,,,,,,,,,,,,,,,,,,,,,,,,,
411,,,,,,,,,,,,,,,,,,,,,,,,,,,,,,
412,,,,,,,,,,,,,,,,,,,,,,,,,,,,,,
413,,,,,,,,,,,,,,,,,,,,,,,,,,,,,,
414,,,,,,,,,,,,,,,,,,,,,,,,,,,,,,
415,,,,,,,,,,,,,,,,,,,,,,,,,,,,,,
416,,,,,,,,,,,,,,,,,,,,,,,,,,,,,,
417,,,,,,,,,,,,,,,,,,,,,,,,,,,,,,
418,,,,,,,,,,,,,,,,,,,,,,,,,,,,,,
419,,,,,,,,,,,,,,,,,,,,,,,,,,,,,,
420,,,,,,,,,,,,,,,,,,,,,,,,,,,,,,
421,,,,,,,,,,,,,,,,,,,,,,,,,,,,,,
422,,,,,,,,,,,,,,,,,,,,,,,,,,,,,,
423,,,,,,,,,,,,,,,,,,,,,,,,,,,,,,
424,,,,,,,,,,,,,,,,,,,,,,,,,,,,,,
425,,,,,,,,,,,,,,,,,,,,,,,,,,,,,,
426,,,,,,,,,,,,,,,,,,,,,,,,,,,,,,
427,,,,,,,,,,,,,,,,,,,,,,,,,,,,,,
428,,,,,,,,,,,,,,,,,,,,,,,,,,,,,,
429,,,,,,,,,,,,,,,,,,,,,,,,,,,,,,
430,,,,,,,,,,,,,,,,,,,,,,,,,,,,,,
431,,,,,,,,,,,,,,,,,,,,,,,,,,,,,,
432,,,,,,,,,,,,,,,,,,,,,,,,,,,,,,
433,,,,,,,,,,,,,,,,,,,,,,,,,,,,,,
434,,,,,,,,,,,,,,,,,,,,,,,,,,,,,,
435,,,,,,,,,,,,,,,,,,,,,,,,,,,,,,
436,,,,,,,,,,,,,,,,,,,,,,,,,,,,,,
437,,,,,,,,,,,,,,,,,,,,,,,,,,,,,,
438,,,,,,,,,,,,,,,,,,,,,,,,,,,,,,
439,,,,,,,,,,,,,,,,,,,,,,,,,,,,,,
440,,,,,,,,,,,,,,,,,,,,,,,,,,,,,,
441,,,,,,,,,,,,,,,,,,,,,,,,,,,,,,
442,,,,,,,,,,,,,,,,,,,,,,,,,,,,,,
443,,,,,,,,,,,,,,,,,,,,,,,,,,,,,,
444,,,,,,,,,,,,,,,,,,,,,,,,,,,,,,
445,,,,,,,,,,,,,,,,,,,,,,,,,,,,,,
446,,,,,,,,,,,,,,,,,,,,,,,,,,,,,,
447,,,,,,,,,,,,,,,,,,,,,,,,,,,,,,
448,,,,,,,,,,,,,,,,,,,,,,,,,,,,,,
449,,,,,,,,,,,,,,,,,,,,,,,,,,,,,,
450,,,,,,,,,,,,,,,,,,,,,,,,,,,,,,
451,,,,,,,,,,,,,,,,,,,,,,,,,,,,,,
452,,,,,,,,,,,,,,,,,,,,,,,,,,,,,,
453,,,,,,,,,,,,,,,,,,,,,,,,,,,,,,
454,,,,,,,,,,,,,,,,,,,,,,,,,,,,,,
455,,,,,,,,,,,,,,,,,,,,,,,,,,,,,,
456,,,,,,,,,,,,,,,,,,,,,,,,,,,,,,
457,,,,,,,,,,,,,,,,,,,,,,,,,,,,,,
458,,,,,,,,,,,,,,,,,,,,,,,,,,,,,,
459,,,,,,,,,,,,,,,,,,,,,,,,,,,,,,
460,,,,,,,,,,,,,,,,,,,,,,,,,,,,,,
461,,,,,,,,,,,,,,,,,,,,,,,,,,,,,,
462,,,,,,,,,,,,,,,,,,,,,,,,,,,,,,
463,,,,,,,,,,,,,,,,,,,,,,,,,,,,,,
464,,,,,,,,,,,,,,,,,,,,,,,,,,,,,,
465,,,,,,,,,,,,,,,,,,,,,,,,,,,,,,
466,,,,,,,,,,,,,,,,,,,,,,,,,,,,,,
467,,,,,,,,,,,,,,,,,,,,,,,,,,,,,,
468,,,,,,,,,,,,,,,,,,,,,,,,,,,,,,
469,,,,,,,,,,,,,,,,,,,,,,,,,,,,,,
470,,,,,,,,,,,,,,,,,,,,,,,,,,,,,,
471,,,,,,,,,,,,,,,,,,,,,,,,,,,,,,
472,,,,,,,,,,,,,,,,,,,,,,,,,,,,,,
473,,,,,,,,,,,,,,,,,,,,,,,,,,,,,,
474,,,,,,,,,,,,,,,,,,,,,,,,,,,,,,
475,,,,,,,,,,,,,,,,,,,,,,,,,,,,,,
476,,,,,,,,,,,,,,,,,,,,,,,,,,,,,,
477,,,,,,,,,,,,,,,,,,,,,,,,,,,,,,
478,,,,,,,,,,,,,,,,,,,,,,,,,,,,,,
479,,,,,,,,,,,,,,,,,,,,,,,,,,,,,,
480,,,,,,,,,,,,,,,,,,,,,,,,,,,,,,
481,,,,,,,,,,,,,,,,,,,,,,,,,,,,,,
482,,,,,,,,,,,,,,,,,,,,,,,,,,,,,,
483,,,,,,,,,,,,,,,,,,,,,,,,,,,,,,
484,,,,,,,,,,,,,,,,,,,,,,,,,,,,,,
485,,,,,,,,,,,,,,,,,,,,,,,,,,,,,,
486,,,,,,,,,,,,,,,,,,,,,,,,,,,,,,
487,,,,,,,,,,,,,,,,,,,,,,,,,,,,,,
488,,,,,,,,,,,,,,,,,,,,,,,,,,,,,,
489,,,,,,,,,,,,,,,,,,,,,,,,,,,,,,
490,,,,,,,,,,,,,,,,,,,,,,,,,,,,,,
491,,,,,,,,,,,,,,,,,,,,,,,,,,,,,,
492,,,,,,,,,,,,,,,,,,,,,,,,,,,,,,
493,,,,,,,,,,,,,,,,,,,,,,,,,,,,,,
494,,,,,,,,,,,,,,,,,,,,,,,,,,,,,,
495,,,,,,,,,,,,,,,,,,,,,,,,,,,,,,
496,,,,,,,,,,,,,,,,,,,,,,,,,,,,,,
497,,,,,,,,,,,,,,,,,,,,,,,,,,,,,,
498,,,,,,,,,,,,,,,,,,,,,,,,,,,,,,
499,,,,,,,,,,,,,,,,,,,,,,,,,,,,,,
500,,,,,,,,,,,,,,,,,,,,,,,,,,,,,,
501,,,,,,,,,,,,,,,,,,,,,,,,,,,,,,
502,,,,,,,,,,,,,,,,,,,,,,,,,,,,,,
503,,,,,,,,,,,,,,,,,,,,,,,,,,,,,,
504,,,,,,,,,,,,,,,,,,,,,,,,,,,,,,
505,,,,,,,,,,,,,,,,,,,,,,,,,,,,,,
506,,,,,,,,,,,,,,,,,,,,,,,,,,,,,,
507,,,,,,,,,,,,,,,,,,,,,,,,,,,,,,
508,,,,,,,,,,,,,,,,,,,,,,,,,,,,,,
509,,,,,,,,,,,,,,,,,,,,,,,,,,,,,,
510,,,,,,,,,,,,,,,,,,,,,,,,,,,,,,
511,,,,,,,,,,,,,,,,,,,,,,,,,,,,,,
512,,,,,,,,,,,,,,,,,,,,,,,,,,,,,,
513,,,,,,,,,,,,,,,,,,,,,,,,,,,,,,
514,,,,,,,,,,,,,,,,,,,,,,,,,,,,,,
515,,,,,,,,,,,,,,,,,,,,,,,,,,,,,,
516,,,,,,,,,,,,,,,,,,,,,,,,,,,,,,
517,,,,,,,,,,,,,,,,,,,,,,,,,,,,,,
518,,,,,,,,,,,,,,,,,,,,,,,,,,,,,,
519,,,,,,,,,,,,,,,,,,,,,,,,,,,,,,
520,,,,,,,,,,,,,,,,,,,,,,,,,,,,,,
521,,,,,,,,,,,,,,,,,,,,,,,,,,,,,,
522,,,,,,,,,,,,,,,,,,,,,,,,,,,,,,
523,,,,,,,,,,,,,,,,,,,,,,,,,,,,,,
524,,,,,,,,,,,,,,,,,,,,,,,,,,,,,,
525,,,,,,,,,,,,,,,,,,,,,,,,,,,,,,
526,,,,,,,,,,,,,,,,,,,,,,,,,,,,,,
527,,,,,,,,,,,,,,,,,,,,,,,,,,,,,,
528,,,,,,,,,,,,,,,,,,,,,,,,,,,,,,
529,,,,,,,,,,,,,,,,,,,,,,,,,,,,,,
530,,,,,,,,,,,,,,,,,,,,,,,,,,,,,,
531,,,,,,,,,,,,,,,,,,,,,,,,,,,,,,
532,,,,,,,,,,,,,,,,,,,,,,,,,,,,,,
533,,,,,,,,,,,,,,,,,,,,,,,,,,,,,,
534,,,,,,,,,,,,,,,,,,,,,,,,,,,,,,
535,,,,,,,,,,,,,,,,,,,,,,,,,,,,,,
536,,,,,,,,,,,,,,,,,,,,,,,,,,,,,,
537,,,,,,,,,,,,,,,,,,,,,,,,,,,,,,
538,,,,,,,,,,,,,,,,,,,,,,,,,,,,,,
539,,,,,,,,,,,,,,,,,,,,,,,,,,,,,,
540,,,,,,,,,,,,,,,,,,,,,,,,,,,,,,
541,,,,,,,,,,,,,,,,,,,,,,,,,,,,,,
542,,,,,,,,,,,,,,,,,,,,,,,,,,,,,,
543,,,,,,,,,,,,,,,,,,,,,,,,,,,,,,
544,,,,,,,,,,,,,,,,,,,,,,,,,,,,,,
545,,,,,,,,,,,,,,,,,,,,,,,,,,,,,,
546,,,,,,,,,,,,,,,,,,,,,,,,,,,,,,
547,,,,,,,,,,,,,,,,,,,,,,,,,,,,,,
548,,,,,,,,,,,,,,,,,,,,,,,,,,,,,,
549,,,,,,,,,,,,,,,,,,,,,,,,,,,,,,
550,,,,,,,,,,,,,,,,,,,,,,,,,,,,,,
551,,,,,,,,,,,,,,,,,,,,,,,,,,,,,,
552,,,,,,,,,,,,,,,,,,,,,,,,,,,,,,
553,,,,,,,,,,,,,,,,,,,,,,,,,,,,,,
554,,,,,,,,,,,,,,,,,,,,,,,,,,,,,,
555,,,,,,,,,,,,,,,,,,,,,,,,,,,,,,
556,,,,,,,,,,,,,,,,,,,,,,,,,,,,,,
557,,,,,,,,,,,,,,,,,,,,,,,,,,,,,,
558,,,,,,,,,,,,,,,,,,,,,,,,,,,,,,
559,,,,,,,,,,,,,,,,,,,,,,,,,,,,,,
560,,,,,,,,,,,,,,,,,,,,,,,,,,,,,,
561,,,,,,,,,,,,,,,,,,,,,,,,,,,,,,
562,,,,,,,,,,,,,,,,,,,,,,,,,,,,,,
563,,,,,,,,,,,,,,,,,,,,,,,,,,,,,,
564,,,,,,,,,,,,,,,,,,,,,,,,,,,,,,
565,,,,,,,,,,,,,,,,,,,,,,,,,,,,,,
566,,,,,,,,,,,,,,,,,,,,,,,,,,,,,,
567,,,,,,,,,,,,,,,,,,,,,,,,,,,,,,
568,,,,,,,,,,,,,,,,,,,,,,,,,,,,,,
569,,,,,,,,,,,,,,,,,,,,,,,,,,,,,,
570,,,,,,,,,,,,,,,,,,,,,,,,,,,,,,
571,,,,,,,,,,,,,,,,,,,,,,,,,,,,,,
572,,,,,,,,,,,,,,,,,,,,,,,,,,,,,,
573,,,,,,,,,,,,,,,,,,,,,,,,,,,,,,
574,,,,,,,,,,,,,,,,,,,,,,,,,,,,,,
575,,,,,,,,,,,,,,,,,,,,,,,,,,,,,,
576,,,,,,,,,,,,,,,,,,,,,,,,,,,,,,
577,,,,,,,,,,,,,,,,,,,,,,,,,,,,,,
578,,,,,,,,,,,,,,,,,,,,,,,,,,,,,,
579,,,,,,,,,,,,,,,,,,,,,,,,,,,,,,
580,,,,,,,,,,,,,,,,,,,,,,,,,,,,,,
581,,,,,,,,,,,,,,,,,,,,,,,,,,,,,,
582,,,,,,,,,,,,,,,,,,,,,,,,,,,,,,
583,,,,,,,,,,,,,,,,,,,,,,,,,,,,,,
584,,,,,,,,,,,,,,,,,,,,,,,,,,,,,,
585,,,,,,,,,,,,,,,,,,,,,,,,,,,,,,
586,,,,,,,,,,,,,,,,,,,,,,,,,,,,,,
587,,,,,,,,,,,,,,,,,,,,,,,,,,,,,,
588,,,,,,,,,,,,,,,,,,,,,,,,,,,,,,
589,,,,,,,,,,,,,,,,,,,,,,,,,,,,,,
590,,,,,,,,,,,,,,,,,,,,,,,,,,,,,,
591,,,,,,,,,,,,,,,,,,,,,,,,,,,,,,
592,,,,,,,,,,,,,,,,,,,,,,,,,,,,,,
593,,,,,,,,,,,,,,,,,,,,,,,,,,,,,,
594,,,,,,,,,,,,,,,,,,,,,,,,,,,,,,
595,,,,,,,,,,,,,,,,,,,,,,,,,,,,,,
596,,,,,,,,,,,,,,,,,,,,,,,,,,,,,,
597,,,,,,,,,,,,,,,,,,,,,,,,,,,,,,
598,,,,,,,,,,,,,,,,,,,,,,,,,,,,,,
599,,,,,,,,,,,,,,,,,,,,,,,,,,,,,,
600,,,,,,,,,,,,,,,,,,,,,,,,,,,,,,
601,,,,,,,,,,,,,,,,,,,,,,,,,,,,,,
602,,,,,,,,,,,,,,,,,,,,,,,,,,,,,,
603,,,,,,,,,,,,,,,,,,,,,,,,,,,,,,
604,,,,,,,,,,,,,,,,,,,,,,,,,,,,,,
605,,,,,,,,,,,,,,,,,,,,,,,,,,,,,,
606,,,,,,,,,,,,,,,,,,,,,,,,,,,,,,
607,,,,,,,,,,,,,,,,,,,,,,,,,,,,,,
608,,,,,,,,,,,,,,,,,,,,,,,,,,,,,,
609,,,,,,,,,,,,,,,,,,,,,,,,,,,,,,
610,,,,,,,,,,,,,,,,,,,,,,,,,,,,,,
611,,,,,,,,,,,,,,,,,,,,,,,,,,,,,,
612,,,,,,,,,,,,,,,,,,,,,,,,,,,,,,
613,,,,,,,,,,,,,,,,,,,,,,,,,,,,,,
614,,,,,,,,,,,,,,,,,,,,,,,,,,,,,,
615,,,,,,,,,,,,,,,,,,,,,,,,,,,,,,
616,,,,,,,,,,,,,,,,,,,,,,,,,,,,,,
617,,,,,,,,,,,,,,,,,,,,,,,,,,,,,,
618,,,,,,,,,,,,,,,,,,,,,,,,,,,,,,
619,,,,,,,,,,,,,,,,,,,,,,,,,,,,,,
620,,,,,,,,,,,,,,,,,,,,,,,,,,,,,,
621,,,,,,,,,,,,,,,,,,,,,,,,,,,,,,
622,,,,,,,,,,,,,,,,,,,,,,,,,,,,,,
623,,,,,,,,,,,,,,,,,,,,,,,,,,,,,,
624,,,,,,,,,,,,,,,,,,,,,,,,,,,,,,
625,,,,,,,,,,,,,,,,,,,,,,,,,,,,,,
626,,,,,,,,,,,,,,,,,,,,,,,,,,,,,,
627,,,,,,,,,,,,,,,,,,,,,,,,,,,,,,
628,,,,,,,,,,,,,,,,,,,,,,,,,,,,,,
629,,,,,,,,,,,,,,,,,,,,,,,,,,,,,,
630,,,,,,,,,,,,,,,,,,,,,,,,,,,,,,
631,,,,,,,,,,,,,,,,,,,,,,,,,,,,,,
632,,,,,,,,,,,,,,,,,,,,,,,,,,,,,,
633,,,,,,,,,,,,,,,,,,,,,,,,,,,,,,
634,,,,,,,,,,,,,,,,,,,,,,,,,,,,,,
635,,,,,,,,,,,,,,,,,,,,,,,,,,,,,,
636,,,,,,,,,,,,,,,,,,,,,,,,,,,,,,
637,,,,,,,,,,,,,,,,,,,,,,,,,,,,,,
638,,,,,,,,,,,,,,,,,,,,,,,,,,,,,,
639,,,,,,,,,,,,,,,,,,,,,,,,,,,,,,
640,,,,,,,,,,,,,,,,,,,,,,,,,,,,,,
641,,,,,,,,,,,,,,,,,,,,,,,,,,,,,,
642,,,,,,,,,,,,,,,,,,,,,,,,,,,,,,
643,,,,,,,,,,,,,,,,,,,,,,,,,,,,,,
644,,,,,,,,,,,,,,,,,,,,,,,,,,,,,,
645,,,,,,,,,,,,,,,,,,,,,,,,,,,,,,
646,,,,,,,,,,,,,,,,,,,,,,,,,,,,,,
647,,,,,,,,,,,,,,,,,,,,,,,,,,,,,,
648,,,,,,,,,,,,,,,,,,,,,,,,,,,,,,
649,,,,,,,,,,,,,,,,,,,,,,,,,,,,,,
650,,,,,,,,,,,,,,,,,,,,,,,,,,,,,,
651,,,,,,,,,,,,,,,,,,,,,,,,,,,,,,
652,,,,,,,,,,,,,,,,,,,,,,,,,,,,,,
653,,,,,,,,,,,,,,,,,,,,,,,,,,,,,,
654,,,,,,,,,,,,,,,,,,,,,,,,,,,,,,
655,,,,,,,,,,,,,,,,,,,,,,,,,,,,,,
656,,,,,,,,,,,,,,,,,,,,,,,,,,,,,,
657,,,,,,,,,,,,,,,,,,,,,,,,,,,,,,
658,,,,,,,,,,,,,,,,,,,,,,,,,,,,,,
659,,,,,,,,,,,,,,,,,,,,,,,,,,,,,,
660,,,,,,,,,,,,,,,,,,,,,,,,,,,,,,
661,,,,,,,,,,,,,,,,,,,,,,,,,,,,,,
662,,,,,,,,,,,,,,,,,,,,,,,,,,,,,,
663,,,,,,,,,,,,,,,,,,,,,,,,,,,,,,
664,,,,,,,,,,,,,,,,,,,,,,,,,,,,,,
665,,,,,,,,,,,,,,,,,,,,,,,,,,,,,,
666,,,,,,,,,,,,,,,,,,,,,,,,,,,,,,
667,,,,,,,,,,,,,,,,,,,,,,,,,,,,,,
668,,,,,,,,,,,,,,,,,,,,,,,,,,,,,,
669,,,,,,,,,,,,,,,,,,,,,,,,,,,,,,
670,,,,,,,,,,,,,,,,,,,,,,,,,,,,,,
671,,,,,,,,,,,,,,,,,,,,,,,,,,,,,,
672,,,,,,,,,,,,,,,,,,,,,,,,,,,,,,
673,,,,,,,,,,,,,,,,,,,,,,,,,,,,,,
674,,,,,,,,,,,,,,,,,,,,,,,,,,,,,,
675,,,,,,,,,,,,,,,,,,,,,,,,,,,,,,
676,,,,,,,,,,,,,,,,,,,,,,,,,,,,,,
677,,,,,,,,,,,,,,,,,,,,,,,,,,,,,,
678,,,,,,,,,,,,,,,,,,,,,,,,,,,,,,
679,,,,,,,,,,,,,,,,,,,,,,,,,,,,,,
680,,,,,,,,,,,,,,,,,,,,,,,,,,,,,,
681,,,,,,,,,,,,,,,,,,,,,,,,,,,,,,
682,,,,,,,,,,,,,,,,,,,,,,,,,,,,,,
683,,,,,,,,,,,,,,,,,,,,,,,,,,,,,,
684,,,,,,,,,,,,,,,,,,,,,,,,,,,,,,
685,,,,,,,,,,,,,,,,,,,,,,,,,,,,,,
686,,,,,,,,,,,,,,,,,,,,,,,,,,,,,,
687,,,,,,,,,,,,,,,,,,,,,,,,,,,,,,
688,,,,,,,,,,,,,,,,,,,,,,,,,,,,,,
689,,,,,,,,,,,,,,,,,,,,,,,,,,,,,,
690,,,,,,,,,,,,,,,,,,,,,,,,,,,,,,
691,,,,,,,,,,,,,,,,,,,,,,,,,,,,,,
692,,,,,,,,,,,,,,,,,,,,,,,,,,,,,,
693,,,,,,,,,,,,,,,,,,,,,,,,,,,,,,
694,,,,,,,,,,,,,,,,,,,,,,,,,,,,,,
695,,,,,,,,,,,,,,,,,,,,,,,,,,,,,,
696,,,,,,,,,,,,,,,,,,,,,,,,,,,,,,
697,,,,,,,,,,,,,,,,,,,,,,,,,,,,,,
698,,,,,,,,,,,,,,,,,,,,,,,,,,,,,,
699,,,,,,,,,,,,,,,,,,,,,,,,,,,,,,
700,,,,,,,,,,,,,,,,,,,,,,,,,,,,,,
701,,,,,,,,,,,,,,,,,,,,,,,,,,,,,,
702,,,,,,,,,,,,,,,,,,,,,,,,,,,,,,
703,,,,,,,,,,,,,,,,,,,,,,,,,,,,,,
704,,,,,,,,,,,,,,,,,,,,,,,,,,,,,,
705,,,,,,,,,,,,,,,,,,,,,,,,,,,,,,
706,,,,,,,,,,,,,,,,,,,,,,,,,,,,,,
707,,,,,,,,,,,,,,,,,,,,,,,,,,,,,,
708,,,,,,,,,,,,,,,,,,,,,,,,,,,,,,
709,,,,,,,,,,,,,,,,,,,,,,,,,,,,,,
710,,,,,,,,,,,,,,,,,,,,,,,,,,,,,,
711,,,,,,,,,,,,,,,,,,,,,,,,,,,,,,
712,,,,,,,,,,,,,,,,,,,,,,,,,,,,,,
713,,,,,,,,,,,,,,,,,,,,,,,,,,,,,,
714,,,,,,,,,,,,,,,,,,,,,,,,,,,,,,
715,,,,,,,,,,,,,,,,,,,,,,,,,,,,,,
716,,,,,,,,,,,,,,,,,,,,,,,,,,,,,,
717,,,,,,,,,,,,,,,,,,,,,,,,,,,,,,
718,,,,,,,,,,,,,,,,,,,,,,,,,,,,,,
719,,,,,,,,,,,,,,,,,,,,,,,,,,,,,,
720,,,,,,,,,,,,,,,,,,,,,,,,,,,,,,
721,,,,,,,,,,,,,,,,,,,,,,,,,,,,,,
722,,,,,,,,,,,,,,,,,,,,,,,,,,,,,,
723,,,,,,,,,,,,,,,,,,,,,,,,,,,,,,
724,,,,,,,,,,,,,,,,,,,,,,,,,,,,,,
725,,,,,,,,,,,,,,,,,,,,,,,,,,,,,,
726,,,,,,,,,,,,,,,,,,,,,,,,,,,,,,
727,,,,,,,,,,,,,,,,,,,,,,,,,,,,,,
728,,,,,,,,,,,,,,,,,,,,,,,,,,,,,,
729,,,,,,,,,,,,,,,,,,,,,,,,,,,,,,
730,,,,,,,,,,,,,,,,,,,,,,,,,,,,,,
731,,,,,,,,,,,,,,,,,,,,,,,,,,,,,,
732,,,,,,,,,,,,,,,,,,,,,,,,,,,,,,
733,,,,,,,,,,,,,,,,,,,,,,,,,,,,,,
734,,,,,,,,,,,,,,,,,,,,,,,,,,,,,,
735,,,,,,,,,,,,,,,,,,,,,,,,,,,,,,
736,,,,,,,,,,,,,,,,,,,,,,,,,,,,,,
737,,,,,,,,,,,,,,,,,,,,,,,,,,,,,,
738,,,,,,,,,,,,,,,,,,,,,,,,,,,,,,
739,,,,,,,,,,,,,,,,,,,,,,,,,,,,,,
740,,,,,,,,,,,,,,,,,,,,,,,,,,,,,,
741,,,,,,,,,,,,,,,,,,,,,,,,,,,,,,
742,,,,,,,,,,,,,,,,,,,,,,,,,,,,,,
743,,,,,,,,,,,,,,,,,,,,,,,,,,,,,,
744,,,,,,,,,,,,,,,,,,,,,,,,,,,,,,
745,,,,,,,,,,,,,,,,,,,,,,,,,,,,,,
746,,,,,,,,,,,,,,,,,,,,,,,,,,,,,,
747,,,,,,,,,,,,,,,,,,,,,,,,,,,,,,
748,,,,,,,,,,,,,,,,,,,,,,,,,,,,,,
749,,,,,,,,,,,,,,,,,,,,,,,,,,,,,,
750,,,,,,,,,,,,,,,,,,,,,,,,,,,,,,
751,,,,,,,,,,,,,,,,,,,,,,,,,,,,,,
752,,,,,,,,,,,,,,,,,,,,,,,,,,,,,,
753,,,,,,,,,,,,,,,,,,,,,,,,,,,,,,
754,,,,,,,,,,,,,,,,,,,,,,,,,,,,,,
755,,,,,,,,,,,,,,,,,,,,,,,,,,,,,,
756,,,,,,,,,,,,,,,,,,,,,,,,,,,,,,
757,,,,,,,,,,,,,,,,,,,,,,,,,,,,,,
758,,,,,,,,,,,,,,,,,,,,,,,,,,,,,,
759,,,,,,,,,,,,,,,,,,,,,,,,,,,,,,
760,,,,,,,,,,,,,,,,,,,,,,,,,,,,,,
761,,,,,,,,,,,,,,,,,,,,,,,,,,,,,,
762,,,,,,,,,,,,,,,,,,,,,,,,,,,,,,
763,,,,,,,,,,,,,,,,,,,,,,,,,,,,,,
764,,,,,,,,,,,,,,,,,,,,,,,,,,,,,,
765,,,,,,,,,,,,,,,,,,,,,,,,,,,,,,
766,,,,,,,,,,,,,,,,,,,,,,,,,,,,,,
767,,,,,,,,,,,,,,,,,,,,,,,,,,,,,,
768,,,,,,,,,,,,,,,,,,,,,,,,,,,,,,
769,,,,,,,,,,,,,,,,,,,,,,,,,,,,,,
770,,,,,,,,,,,,,,,,,,,,,,,,,,,,,,
771,,,,,,,,,,,,,,,,,,,,,,,,,,,,,,
772,,,,,,,,,,,,,,,,,,,,,,,,,,,,,,
773,,,,,,,,,,,,,,,,,,,,,,,,,,,,,,
774,,,,,,,,,,,,,,,,,,,,,,,,,,,,,,
775,,,,,,,,,,,,,,,,,,,,,,,,,,,,,,
776,,,,,,,,,,,,,,,,,,,,,,,,,,,,,,
777,,,,,,,,,,,,,,,,,,,,,,,,,,,,,,
778,,,,,,,,,,,,,,,,,,,,,,,,,,,,,,
779,,,,,,,,,,,,,,,,,,,,,,,,,,,,,,
780,,,,,,,,,,,,,,,,,,,,,,,,,,,,,,
781,,,,,,,,,,,,,,,,,,,,,,,,,,,,,,
782,,,,,,,,,,,,,,,,,,,,,,,,,,,,,,
783,,,,,,,,,,,,,,,,,,,,,,,,,,,,,,
784,,,,,,,,,,,,,,,,,,,,,,,,,,,,,,
785,,,,,,,,,,,,,,,,,,,,,,,,,,,,,,
786,,,,,,,,,,,,,,,,,,,,,,,,,,,,,,
787,,,,,,,,,,,,,,,,,,,,,,,,,,,,,,
788,,,,,,,,,,,,,,,,,,,,,,,,,,,,,,
789,,,,,,,,,,,,,,,,,,,,,,,,,,,,,,
790,,,,,,,,,,,,,,,,,,,,,,,,,,,,,,
791,,,,,,,,,,,,,,,,,,,,,,,,,,,,,,
792,,,,,,,,,,,,,,,,,,,,,,,,,,,,,,
793,,,,,,,,,,,,,,,,,,,,,,,,,,,,,,
794,,,,,,,,,,,,,,,,,,,,,,,,,,,,,,
795,,,,,,,,,,,,,,,,,,,,,,,,,,,,,,
796,,,,,,,,,,,,,,,,,,,,,,,,,,,,,,
797,,,,,,,,,,,,,,,,,,,,,,,,,,,,,,
798,,,,,,,,,,,,,,,,,,,,,,,,,,,,,,
799,,,,,,,,,,,,,,,,,,,,,,,,,,,,,,
800,,,,,,,,,,,,,,,,,,,,,,,,,,,,,,
801,,,,,,,,,,,,,,,,,,,,,,,,,,,,,,
802,,,,,,,,,,,,,,,,,,,,,,,,,,,,,,
803,,,,,,,,,,,,,,,,,,,,,,,,,,,,,,
804,,,,,,,,,,,,,,,,,,,,,,,,,,,,,,
805,,,,,,,,,,,,,,,,,,,,,,,,,,,,,,
806,,,,,,,,,,,,,,,,,,,,,,,,,,,,,,
807,,,,,,,,,,,,,,,,,,,,,,,,,,,,,,
808,,,,,,,,,,,,,,,,,,,,,,,,,,,,,,
809,,,,,,,,,,,,,,,,,,,,,,,,,,,,,,
810,,,,,,,,,,,,,,,,,,,,,,,,,,,,,,
811,,,,,,,,,,,,,,,,,,,,,,,,,,,,,,
812,,,,,,,,,,,,,,,,,,,,,,,,,,,,,,
813,,,,,,,,,,,,,,,,,,,,,,,,,,,,,,
814,,,,,,,,,,,,,,,,,,,,,,,,,,,,,,
815,,,,,,,,,,,,,,,,,,,,,,,,,,,,,,
816,,,,,,,,,,,,,,,,,,,,,,,,,,,,,,
817,,,,,,,,,,,,,,,,,,,,,,,,,,,,,,
818,,,,,,,,,,,,,,,,,,,,,,,,,,,,,,
819,,,,,,,,,,,,,,,,,,,,,,,,,,,,,,
820,,,,,,,,,,,,,,,,,,,,,,,,,,,,,,
821,,,,,,,,,,,,,,,,,,,,,,,,,,,,,,
822,,,,,,,,,,,,,,,,,,,,,,,,,,,,,,
823,,,,,,,,,,,,,,,,,,,,,,,,,,,,,,
824,,,,,,,,,,,,,,,,,,,,,,,,,,,,,,
825,,,,,,,,,,,,,,,,,,,,,,,,,,,,,,
826,,,,,,,,,,,,,,,,,,,,,,,,,,,,,,
827,,,,,,,,,,,,,,,,,,,,,,,,,,,,,,
828,,,,,,,,,,,,,,,,,,,,,,,,,,,,,,
829,,,,,,,,,,,,,,,,,,,,,,,,,,,,,,
830,,,,,,,,,,,,,,,,,,,,,,,,,,,,,,
831,,,,,,,,,,,,,,,,,,,,,,,,,,,,,,
832,,,,,,,,,,,,,,,,,,,,,,,,,,,,,,
833,,,,,,,,,,,,,,,,,,,,,,,,,,,,,,
834,,,,,,,,,,,,,,,,,,,,,,,,,,,,,,
835,,,,,,,,,,,,,,,,,,,,,,,,,,,,,,
836,,,,,,,,,,,,,,,,,,,,,,,,,,,,,,
837,,,,,,,,,,,,,,,,,,,,,,,,,,,,,,
838,,,,,,,,,,,,,,,,,,,,,,,,,,,,,,
839,,,,,,,,,,,,,,,,,,,,,,,,,,,,,,
840,,,,,,,,,,,,,,,,,,,,,,,,,,,,,,
841,,,,,,,,,,,,,,,,,,,,,,,,,,,,,,
842,,,,,,,,,,,,,,,,,,,,,,,,,,,,,,
843,,,,,,,,,,,,,,,,,,,,,,,,,,,,,,
844,,,,,,,,,,,,,,,,,,,,,,,,,,,,,,
845,,,,,,,,,,,,,,,,,,,,,,,,,,,,,,
846,,,,,,,,,,,,,,,,,,,,,,,,,,,,,,
847,,,,,,,,,,,,,,,,,,,,,,,,,,,,,,
848,,,,,,,,,,,,,,,,,,,,,,,,,,,,,,
849,,,,,,,,,,,,,,,,,,,,,,,,,,,,,,
850,,,,,,,,,,,,,,,,,,,,,,,,,,,,,,
851,,,,,,,,,,,,,,,,,,,,,,,,,,,,,,
852,,,,,,,,,,,,,,,,,,,,,,,,,,,,,,
853,,,,,,,,,,,,,,,,,,,,,,,,,,,,,,
854,,,,,,,,,,,,,,,,,,,,,,,,,,,,,,
855,,,,,,,,,,,,,,,,,,,,,,,,,,,,,,
856,,,,,,,,,,,,,,,,,,,,,,,,,,,,,,
857,,,,,,,,,,,,,,,,,,,,,,,,,,,,,,
858,,,,,,,,,,,,,,,,,,,,,,,,,,,,,,
859,,,,,,,,,,,,,,,,,,,,,,,,,,,,,,
860,,,,,,,,,,,,,,,,,,,,,,,,,,,,,,
861,,,,,,,,,,,,,,,,,,,,,,,,,,,,,,
862,,,,,,,,,,,,,,,,,,,,,,,,,,,,,,
863,,,,,,,,,,,,,,,,,,,,,,,,,,,,,,
864,,,,,,,,,,,,,,,,,,,,,,,,,,,,,,
865,,,,,,,,,,,,,,,,,,,,,,,,,,,,,,
866,,,,,,,,,,,,,,,,,,,,,,,,,,,,,,
867,,,,,,,,,,,,,,,,,,,,,,,,,,,,,,
868,,,,,,,,,,,,,,,,,,,,,,,,,,,,,,
869,,,,,,,,,,,,,,,,,,,,,,,,,,,,,,
870,,,,,,,,,,,,,,,,,,,,,,,,,,,,,,
871,,,,,,,,,,,,,,,,,,,,,,,,,,,,,,
872,,,,,,,,,,,,,,,,,,,,,,,,,,,,,,
873,,,,,,,,,,,,,,,,,,,,,,,,,,,,,,
874,,,,,,,,,,,,,,,,,,,,,,,,,,,,,,
875,,,,,,,,,,,,,,,,,,,,,,,,,,,,,,
876,,,,,,,,,,,,,,,,,,,,,,,,,,,,,,
877,,,,,,,,,,,,,,,,,,,,,,,,,,,,,,
878,,,,,,,,,,,,,,,,,,,,,,,,,,,,,,
879,,,,,,,,,,,,,,,,,,,,,,,,,,,,,,
880,,,,,,,,,,,,,,,,,,,,,,,,,,,,,,
881,,,,,,,,,,,,,,,,,,,,,,,,,,,,,,
882,,,,,,,,,,,,,,,,,,,,,,,,,,,,,,
883,,,,,,,,,,,,,,,,,,,,,,,,,,,,,,
884,,,,,,,,,,,,,,,,,,,,,,,,,,,,,,
885,,,,,,,,,,,,,,,,,,,,,,,,,,,,,,
886,,,,,,,,,,,,,,,,,,,,,,,,,,,,,,
887,,,,,,,,,,,,,,,,,,,,,,,,,,,,,,
888,,,,,,,,,,,,,,,,,,,,,,,,,,,,,,
889,,,,,,,,,,,,,,,,,,,,,,,,,,,,,,
890,,,,,,,,,,,,,,,,,,,,,,,,,,,,,,
891,,,,,,,,,,,,,,,,,,,,,,,,,,,,,,
892,,,,,,,,,,,,,,,,,,,,,,,,,,,,,,
893,,,,,,,,,,,,,,,,,,,,,,,,,,,,,,
894,,,,,,,,,,,,,,,,,,,,,,,,,,,,,,
895,,,,,,,,,,,,,,,,,,,,,,,,,,,,,,
896,,,,,,,,,,,,,,,,,,,,,,,,,,,,,,
897,,,,,,,,,,,,,,,,,,,,,,,,,,,,,,
898,,,,,,,,,,,,,,,,,,,,,,,,,,,,,,
899,,,,,,,,,,,,,,,,,,,,,,,,,,,,,,
900,,,,,,,,,,,,,,,,,,,,,,,,,,,,,,
901,,,,,,,,,,,,,,,,,,,,,,,,,,,,,,
902,,,,,,,,,,,,,,,,,,,,,,,,,,,,,,
903,,,,,,,,,,,,,,,,,,,,,,,,,,,,,,
904,,,,,,,,,,,,,,,,,,,,,,,,,,,,,,
905,,,,,,,,,,,,,,,,,,,,,,,,,,,,,,
906,,,,,,,,,,,,,,,,,,,,,,,,,,,,,,
907,,,,,,,,,,,,,,,,,,,,,,,,,,,,,,
908,,,,,,,,,,,,,,,,,,,,,,,,,,,,,,
909,,,,,,,,,,,,,,,,,,,,,,,,,,,,,,
910,,,,,,,,,,,,,,,,,,,,,,,,,,,,,,
911,,,,,,,,,,,,,,,,,,,,,,,,,,,,,,
912,,,,,,,,,,,,,,,,,,,,,,,,,,,,,,
913,,,,,,,,,,,,,,,,,,,,,,,,,,,,,,
914,,,,,,,,,,,,,,,,,,,,,,,,,,,,,,
915,,,,,,,,,,,,,,,,,,,,,,,,,,,,,,
916,,,,,,,,,,,,,,,,,,,,,,,,,,,,,,
917,,,,,,,,,,,,,,,,,,,,,,,,,,,,,,
918,,,,,,,,,,,,,,,,,,,,,,,,,,,,,,
919,,,,,,,,,,,,,,,,,,,,,,,,,,,,,,
920,,,,,,,,,,,,,,,,,,,,,,,,,,,,,,
921,,,,,,,,,,,,,,,,,,,,,,,,,,,,,,
922,,,,,,,,,,,,,,,,,,,,,,,,,,,,,,
923,,,,,,,,,,,,,,,,,,,,,,,,,,,,,,
924,,,,,,,,,,,,,,,,,,,,,,,,,,,,,,
925,,,,,,,,,,,,,,,,,,,,,,,,,,,,,,
926,,,,,,,,,,,,,,,,,,,,,,,,,,,,,,
927,,,,,,,,,,,,,,,,,,,,,,,,,,,,,,
928,,,,,,,,,,,,,,,,,,,,,,,,,,,,,,
929,,,,,,,,,,,,,,,,,,,,,,,,,,,,,,
930,,,,,,,,,,,,,,,,,,,,,,,,,,,,,,
931,,,,,,,,,,,,,,,,,,,,,,,,,,,,,,
932,,,,,,,,,,,,,,,,,,,,,,,,,,,,,,
933,,,,,,,,,,,,,,,,,,,,,,,,,,,,,,
934,,,,,,,,,,,,,,,,,,,,,,,,,,,,,,
935,,,,,,,,,,,,,,,,,,,,,,,,,,,,,,
936,,,,,,,,,,,,,,,,,,,,,,,,,,,,,,
937,,,,,,,,,,,,,,,,,,,,,,,,,,,,,,
938,,,,,,,,,,,,,,,,,,,,,,,,,,,,,,
939,,,,,,,,,,,,,,,,,,,,,,,,,,,,,,
940,,,,,,,,,,,,,,,,,,,,,,,,,,,,,,
941,,,,,,,,,,,,,,,,,,,,,,,,,,,,,,
942,,,,,,,,,,,,,,,,,,,,,,,,,,,,,,
943,,,,,,,,,,,,,,,,,,,,,,,,,,,,,,
944,,,,,,,,,,,,,,,,,,,,,,,,,,,,,,
945,,,,,,,,,,,,,,,,,,,,,,,,,,,,,,
946,,,,,,,,,,,,,,,,,,,,,,,,,,,,,,
947,,,,,,,,,,,,,,,,,,,,,,,,,,,,,,
948,,,,,,,,,,,,,,,,,,,,,,,,,,,,,,
949,,,,,,,,,,,,,,,,,,,,,,,,,,,,,,
950,,,,,,,,,,,,,,,,,,,,,,,,,,,,,,
951,,,,,,,,,,,,,,,,,,,,,,,,,,,,,,
952,,,,,,,,,,,,,,,,,,,,,,,,,,,,,,
953,,,,,,,,,,,,,,,,,,,,,,,,,,,,,,
954,,,,,,,,,,,,,,,,,,,,,,,,,,,,,,
955,,,,,,,,,,,,,,,,,,,,,,,,,,,,,,
956,,,,,,,,,,,,,,,,,,,,,,,,,,,,,,
957,,,,,,,,,,,,,,,,,,,,,,,,,,,,,,
958,,,,,,,,,,,,,,,,,,,,,,,,,,,,,,
959,,,,,,,,,,,,,,,,,,,,,,,,,,,,,,
960,,,,,,,,,,,,,,,,,,,,,,,,,,,,,,
961,,,,,,,,,,,,,,,,,,,,,,,,,,,,,,
962,,,,,,,,,,,,,,,,,,,,,,,,,,,,,,
963,,,,,,,,,,,,,,,,,,,,,,,,,,,,,,
964,,,,,,,,,,,,,,,,,,,,,,,,,,,,,,
965,,,,,,,,,,,,,,,,,,,,,,,,,,,,,,
966,,,,,,,,,,,,,,,,,,,,,,,,,,,,,,
967,,,,,,,,,,,,,,,,,,,,,,,,,,,,,,
968,,,,,,,,,,,,,,,,,,,,,,,,,,,,,,
969,,,,,,,,,,,,,,,,,,,,,,,,,,,,,,
970,,,,,,,,,,,,,,,,,,,,,,,,,,,,,,
971,,,,,,,,,,,,,,,,,,,,,,,,,,,,,,
972,,,,,,,,,,,,,,,,,,,,,,,,,,,,,,
973,,,,,,,,,,,,,,,,,,,,,,,,,,,,,,
974,,,,,,,,,,,,,,,,,,,,,,,,,,,,,,
975,,,,,,,,,,,,,,,,,,,,,,,,,,,,,,
976,,,,,,,,,,,,,,,,,,,,,,,,,,,,,,
977,,,,,,,,,,,,,,,,,,,,,,,,,,,,,,
978,,,,,,,,,,,,,,,,,,,,,,,,,,,,,,
979,,,,,,,,,,,,,,,,,,,,,,,,,,,,,,
980,,,,,,,,,,,,,,,,,,,,,,,,,,,,,,
981,,,,,,,,,,,,,,,,,,,,,,,,,,,,,,
982,,,,,,,,,,,,,,,,,,,,,,,,,,,,,,
983,,,,,,,,,,,,,,,,,,,,,,,,,,,,,,
984,,,,,,,,,,,,,,,,,,,,,,,,,,,,,,
985,,,,,,,,,,,,,,,,,,,,,,,,,,,,,,
986,,,,,,,,,,,,,,,,,,,,,,,,,,,,,,
987,,,,,,,,,,,,,,,,,,,,,,,,,,,,,,
988,,,,,,,,,,,,,,,,,,,,,,,,,,,,,,
989,,,,,,,,,,,,,,,,,,,,,,,,,,,,,,
990,,,,,,,,,,,,,,,,,,,,,,,,,,,,,,
991,,,,,,,,,,,,,,,,,,,,,,,,,,,,,,
992,,,,,,,,,,,,,,,,,,,,,,,,,,,,,,
993,,,,,,,,,,,,,,,,,,,,,,,,,,,,,,
994,,,,,,,,,,,,,,,,,,,,,,,,,,,,,,
995,,,,,,,,,,,,,,,,,,,,,,,,,,,,,,
996,,,,,,,,,,,,,,,,,,,,,,,,,,,,,,
997,,,,,,,,,,,,,,,,,,,,,,,,,,,,,,
998,,,,,,,,,,,,,,,,,,,,,,,,,,,,,,
999,,,,,,,,,,,,,,,,,,,,,,,,,,,,,,
1000,,,,,,,,,,,,,,,,,,,,,,,,,,,,,,
